List of CAD Files in C:\EWS\PROJECT\L2\P7\M10\
Start Block	End Block	FC Num	SHT	S1	S2	S3	S4	S5	S6	S7	S8	S9	S10	S11	S12	S13	S14	S15	S16	S17	S18	S19	S20	S21	S22	S23	S24	S25	S26	S27	S28	S29	S30	S31	S32	S33	S34	S35	S36	S37	S38	S39	S40	S41	S42	S43	S44	S45	S46	S47	S48	S49	S50	S51	S52	S53	S54	S55	S56	S57	S58	S59	S60	S61	S62	S63
10	14	81	00	0	0	0	0
15	19	82	00	1	0.35	0	10	0	10	1	60	2	1	1	60	1	9.20001e+018	0
20	29	90	00	0	0.25	1	15	0.25	0
30	33	129	L6	2908	2901	2906	2899	4574	2900	0	10	100	1	2	102	2222	120	1	120	1	0	23	13	12	60	0	0	2904
34	45	L6	0	0
35	45	L6	0	0
36	30	T1	0	0	0	100	100	0	1
37	40	129	L9	0	0	0	0	0	0	0	10	100	1	2	102	2222	120	1	31	1	0	23	13	12	5	0	0	0
41	45	L9	0	0
42	45	L9	0	0
43	46	129	L4	0	0	0	0	0	0	0	10	100	1	2202	2212	2222	120	1	5	1	0	23	13	12	5	0	0	0
47	50	129	L5	0	0	0	0	0	0	0	10	100	1	2202	2212	222	120	1	5	1	0	23	13	12	5	0	0	0
51	54	129	P6	0	0	0	0	0	0	0	10	100	1	2202	2212	222	120	1	5	1	0	23	13	12	5	0	0	0
55	58	129	Y9	0	0	0	0	0	0	0	10	100	1	2202	2212	222	120	1	5	1	0	23	13	12	5	0	0	0
59	64	80	A1	5	5	5	5	0	5	100	-5	4e+006	100	0	2	100	0	2	255	0	0	0	0	0	0	0	0	0	0	0	0	0	0	60
65	30	A7	5	27	0	1000	800	0	1
66	66	A1	0	1	0
67	72	80	A2	5	5	5	5	0	5	100	-5	4e+006	100	0	2	100	0	2	255	0	0	0	0	0	0	0	0	0	0	0	0	0	0	60
73	30	A7	5	27	0	1000	800	0	1
74	66	A2	0	1	0
75	30	T2	0	0	0	100	100	0	1
76	81	80	T3	5	5	5	5	0	5	9.22323e+018	-9.22323e+018	9.22323e+018	100	0	0	-5	0	0	255	0	0	0	0	0	0	0	0	0	0	0	0	0	0	60
82	30	D1	0	38	0	330	300	0	1
83	30	T5	0	0	0	100	100	0	1
84	30	T6	0	0	0	100	100	0	1
85	90	80	T7	5	5	5	5	0	5	9.22323e+018	-9.22323e+018	9.22323e+018	100	0	0	-5	0	0	255	0	0	0	0	0	0	0	0	0	0	0	0	0	0	60
91	96	80	T8	5	5	5	5	0	5	9.22323e+018	-9.22323e+018	9.22323e+018	100	0	0	-5	0	0	255	0	0	0	0	0	0	0	0	0	0	0	0	0	0	60
97	30	C4	0	4	0	200	148	0	0.25
98	30	T9	0	0	0	100	100	0	1
99	30	T9	5	0	0	100	100	0	1
100	30	96	5	23	0	1.5	2	0	1
101	30	93	0	16	0	200	170	0	1
102	30	94	0	16	0	100	100	0	1
103	30	94	5	16	0	1600	1500	0	1
104	30	95	0	43	0	14	13	0	1
105	30	95	5	50	0	5000	4500	0	1
106	111	80	Z0	5	5	5	5	0	5	9.22323e+018	-9.22323e+018	9.22323e+018	100	0	0	-5	0	0	255	0	0	0	0	0	0	0	0	0	0	0	0	0	0	60
112	117	80	Z0	5	5	5	5	0	5	9.22323e+018	-9.22323e+018	9.22323e+018	100	0	0	-5	0	0	255	0	0	0	0	0	0	0	0	0	0	0	0	0	0	60
118	123	80	Z0	5	5	5	5	0	5	9.22323e+018	-9.22323e+018	9.22323e+018	100	0	0	-5	0	0	255	0	0	0	0	0	0	0	0	0	0	0	0	0	0	60
124	129	80	92	5	5	5	5	0	5	9.22323e+018	-9.22323e+018	9.22323e+018	105	0	2	105	0	2	255	0	0	0	0	0	0	0	0	0	0	0	0	0	0	60
130	135	80	Z0	5	5	5	5	0	5	9.22323e+018	-9.22323e+018	9.22323e+018	100	0	0	-5	0	0	255	0	0	0	0	0	0	0	0	0	0	0	0	0	0	60
136	141	80	Z0	5	5	5	5	0	5	9.22323e+018	-9.22323e+018	9.22323e+018	100	0	0	-5	0	0	255	0	0	0	0	0	0	0	0	0	0	0	0	0	0	60
142	147	80	Z0	5	5	5	5	0	5	9.22323e+018	-9.22323e+018	9.22323e+018	100	0	0	-5	0	0	255	0	0	0	0	0	0	0	0	0	0	0	0	0	0	60
148	151	129	Z0	0	0	0	0	0	0	0	0	0	0	0	0	0	0	1	0	0	0	1	2	3	0	1	0	0
152	155	129	Z0	0	0	0	0	0	0	0	0	0	0	0	0	0	0	1	0	0	0	1	2	3	0	1	0	0
156	159	129	Z0	0	0	0	0	0	0	0	0	0	0	0	0	0	0	1	0	0	0	1	2	3	0	1	0	0
160	163	129	Z0	0	0	0	0	0	0	0	0	0	0	0	0	0	0	1	0	0	0	1	2	3	0	1	0	0
164	167	129	Z0	0	0	0	0	0	0	0	0	0	0	0	0	0	0	1	0	0	0	1	2	3	0	1	0	0
168	171	129	Z0	0	0	0	0	0	0	0	0	0	0	0	0	0	0	1	0	0	0	1	2	3	0	1	0	0
172	175	129	Z0	0	0	0	0	0	0	0	0	0	0	0	0	0	0	1	0	0	0	1	2	3	0	1	0	0
176	179	129	Z0	0	0	0	0	0	0	0	0	0	0	0	0	0	0	1	0	0	0	1	2	3	0	1	0	0
180	185	80	Z0	5	5	5	5	0	5	9.22323e+018	-9.22323e+018	9.22323e+018	100	0	0	-5	0	0	255	0	0	0	0	0	0	0	0	0	0	0	0	0	0	60
186	191	80	Z0	5	5	5	5	0	5	9.22323e+018	-9.22323e+018	9.22323e+018	100	0	0	-5	0	0	255	0	0	0	0	0	0	0	0	0	0	0	0	0	0	60
192	30	Z0	5	0	0	100	100	0	1
193	30	Z0	5	0	0	100	100	0	1
194	30	Z1	5	0	0	100	100	0	1
195	30	Z1	5	0	0	100	100	0	1
196	30	Z1	5	0	0	100	100	0	1
197	30	Z1	5	0	0	100	100	0	1
198	30	Z1	5	0	0	100	100	0	1
199	30	Z1	5	0	0	100	100	0	1
200	30	97	0	0	0	100	100	20	1
201	66	97	0	1	0
202	30	99	0	4	0	50	50	0	1
203	66	99	0	1	0
204	30	A0	0	33	0	2	1.29999	0	1
205	66	A0	0	1	0
206	30	A6	0	2	0	100	100	0	1
207	66	A6	0	1	0
208	30	A9	0	2	0	100	35	0	1
209	66	A9	0	1	0
210	30	B3	0	2	0	100	35	0	1
211	66	B3	0	1	0
212	30	B0	5	27	0	500	400	0	1
213	66	A7	0	1	0
214	219	80	A7	5	5	5	5	0	5	4e+006	-4e+006	4e+006	40	0	16	40	0	16	255	0	0	0	0	0	0	0	0	0	0	0	0	0	0	60
220	30	B0	5	27	0	800	600	0	1
221	66	B0	0	1	0
222	227	80	B0	5	5	5	5	0	5	4e+006	-4e+006	4e+006	70	0	16	70	0	16	255	0	0	0	0	0	0	0	0	0	0	0	0	0	0	60
228	30	B4	5	27	0	1000	800	0	1
229	66	B4	0	1	0
230	235	80	B4	5	5	5	5	0	5	4e+006	-4e+006	4e+006	40	0	16	40	0	16	255	0	0	0	0	0	0	0	0	0	0	0	0	0	0	60
236	30	98	5	27	0	1000	500	-5	1
237	66	B6	0	1	0
238	243	80	B6	5	5	5	5	0	5	14	0	14	14	0	43	14	0	43	255	0	0	0	0	0	0	0	0	0	0	0	0	0	0	60
244	30	B8	0	2	0	100	100	0	1
245	66	B8	0	1	0
246	247	123	B8	0	0	0	0	1	0	0	0	0	0
248	30	Z1	5	0	0	10	100	0	1
249	30	B6	0	2	0	100	100	0	1
250	30	B4	5	27	0	1000	800	0	1
251	30	89	0	2	0	105	100	0	1
252	30	C0	0	2	0	100	100	0	1
253	66	C0	0	1	0
254	255	123	C0	0	0	0	0	1	0	0	0	0	0
256	259	129	92	0	0	0	0	0	0	0	10	100	10	2222	1000	2222	120	1	25	0	0	23	13	12	0	1	0	0
260	30	B7	0	16	0	4500	4500	0	1
261	66	B7	0	1	0
262	30	C2	0	4	0	50	50	0	1
263	66	C2	0	1	0
264	30	M9	0	2	0	100	100	0	1
265	66	M9	0	1	0
266	30	N5	0	13	0	100	100	0	1
267	66	N5	0	1	0
268	30	48	0	43	0	12	11	0	1
269	66	48	0	1	0
270	30	N9	0	13	0	100	100	0	1
271	66	N9	0	1	0
272	30	O4	0	13	0	100	100	0	1
273	66	O4	0	1	0
274	30	O6	0	13	0	100	100	0	1
275	66	O6	0	1	0
276	30	P1	0	13	0	100	100	0	1
277	66	P1	0	1	0
278	30	P5	0	13	0	100	100	-100	1
279	66	P5	0	1	0
280	30	M1	0	2	0	100	100	0	1
281	66	M1	0	1	0
282	30	94	5	27	0	2000	1800	0	1
283	66	Z0	0	1	0
284	30	D5	0	23	0	1000	70	0	1
285	66	Z4	0	1	0
286	30	M1	5	2	0	100	100	0	1
287	66	M1	0	1	0
288	30	L7	5	2	0	178	100	0	1
289	66	L7	0	1	0
290	30	L7	0	1	0	178	100	0	1
291	66	L7	0	1	0
292	30	M7	0	13	0	5.59998	4	0	1
293	66	M7	0	1	0
294	30	N1	0	2	0	100	100	0	1
295	66	N1	0	1	0
296	30	N3	0	13	0	100	100	0	1
297	66	N3	0	1	0
298	30	N7	0	13	0	100	100	0	1
299	66	N7	0	1	0
300	30	O2	0	13	0	100	100	0	1
301	66	O2	0	1	0
302	30	O9	0	13	0	30	25	0	1
303	66	O9	0	1	0
304	30	P3	0	13	0	30	25	0	1
305	66	P3	0	1	0
306	30	Z4	5	2	0	0	0	0	1
307	66	Z4	0	1	0
308	30	54	0	2	0	100	100	0	1
309	66	54	0	1	0
310	313	129	K1	0	0	0	0	0	0	0	10	100	1	20	100	220	120	1	5	1	0	23	13	12	5	0	0	0
314	30	96	0	23	0	3	10	0	1
315	318	129	K2	0	0	0	0	0	0	0	10	100	1	2222	2222	2222	120	1	25	1	0	23	13	12	0	0	0	0
319	30	96	5	23	0	2.5	10	0	1
320	323	129	K4	0	0	0	0	0	0	0	10	100	1	22	112	220	120	1	5	1	0	23	13	12	0	0	0	0
324	45	56	0	0
325	45	62	0	0
326	329	129	J3	0	0	0	0	0	0	0	10	100	1	2002	100	220	120	1	3	1	0	23	13	12	10	0	0	0
330	333	129	J4	0	0	0	0	0	0	0	10	100	1	2002	100	220	120	1	3	1	0	23	13	12	3	0	0	0
334	30	60	0	2	0	100	35	0	1
335	66	60	0	1	0
336	30	D2	0	16	0	2800	2700	-2700	1
337	45	67	0	0
338	30	70	0	2	0	100	35	0	1
339	66	70	0	1	0
340	343	129	J5	0	0	0	0	0	0	0	10	100	1	2002	100	220	120	1	5	1	0	23	13	12	10	0	0	0
344	30	D3	0	16	0	20000	19000	0	1
345	30	D4	0	23	0	10	9	0	1
346	30	Z1	5	0	0	100	100	0	1
347	350	129	Z2	0	0	0	0	0	0	0	10	100	1	12	1012	2222	120	1	60	0	0	23	13	12	0	0	0	0
351	30	74	0	16	0	120	100	0	1
352	66	74	0	1	0
353	356	129	Z8	0	0	0	0	0	0	0	1	100	10	22	122	22	120	1	5	0	0	23	13	12	0	0	0	0
357	30	77	0	2	0	100	100	0	1
358	66	77	0	1	0
359	362	129	Z3	0	0	0	0	0	0	0	1	100	10	220	102	2222	120	1	5	1	0	23	13	12	5	0	0	0
363	30	98	5	27	0	2000	500	-5	1
364	66	78	0	1	0
365	368	129	K6	0	0	0	0	0	0	0	10	100	1	20	100	220	120	1	5	1	0	23	13	12	0	0	0	0
369	30	82	0	2	0	100	100	0	1
370	373	129	K7	0	0	0	0	0	0	0	10	100	1	2200	100	200	120	1	5	1	0	23	13	12	0	0	0	0
374	66	82	0	1	0
375	30	83	0	2	0	100	100	0	1
376	379	129	L0	0	0	0	0	0	0	0	10	100	1	200	100	220	120	1	5	1	0	23	13	12	0	0	0	0
380	45	Z1	0	2
381	45	Z1	0	2
382	385	129	L1	0	0	0	0	0	0	0	10	100	1	200	100	220	120	1	25	1	0	23	13	12	0	0	0	0
386	66	83	0	1	0
387	45	84	0	2
388	391	129	M6	0	0	0	0	0	0	0	10	100	1	200	100	220	120	1	10	1	0	23	13	12	5	0	0	0
392	45	85	0	2
393	45	88	0	2
394	45	A5	0	0
395	398	129	M8	0	0	0	0	0	0	0	10	100	1	202	102	102	120	1	5	1	0	23	13	12	5	0	0	0
399	45	Z1	0	2
400	403	129	N0	0	0	0	0	0	0	0	10	100	1	202	102	102	120	1	5	1	0	23	13	12	10	0	0	0
404	45	91	0	2
405	30	91	0	2	0	100	100	0	1
406	45	A8	0	0
407	45	B2	0	0
408	411	129	N6	0	0	0	0	0	0	0	10	100	1	20	100	220	120	1	60	1	0	23	13	12	0	0	0	0
412	66	91	0	1	0
413	414	123	91	0	0	0	0	1	0	0	0	0	0
415	418	129	O8	0	0	0	0	0	0	0	10	100	1	22	102	102	120	1	5	1	0	23	13	12	0	0	0	0
419	30	91	5	2	0	100	100	0	1
420	66	91	0	1	0
421	424	129	P2	0	0	0	0	0	0	0	10	100	1	20	100	220	120	1	5	0	0	23	13	12	0	0	0	0
425	426	123	91	0	0	0	0	1	0	0	0	0	0
427	430	129	N8	0	0	0	0	0	0	0	10	100	1	20	100	220	120	1	5	1	0	23	13	12	5	0	0	0
431	45	91	0	2
432	30	89	0	43	0	14	12	0	1
433	436	129	P0	0	0	0	0	0	0	0	10	100	1	20	100	220	120	1	15	0	0	23	13	12	0	0	0	0
437	66	89	0	1	0
438	30	C7	5	16	0	300	300	0	1
439	442	129	J6	0	0	0	0	0	0	0	10	100	1	2002	100	220	120	1	5	1	0	23	13	12	5	0	0	0
443	66	Z0	0	1	0
444	45	Z0	0	2
445	448	129	J7	0	0	0	0	0	0	0	10	100	1	2002	100	20	120	1	5	1	0	23	13	12	5	0	0	0
449	30	D1	5	38	0	330	300	0	1
450	66	Z0	0	1	0
451	454	129	J8	2758	2754	2753	4564	4565	2750	0	10	100	1	2	100	220	120	1	5	1	0	23	13	12	5	0	0	2756
455	45	Z0	0	2
456	30	G2	0	2	0	105	90	0	1
457	460	129	B5	0	0	0	0	0	0	0	10	100	0	2	1002	2222	120	1	60	0	0	23	13	12	0	0	0	0
457	460	129	Z5	0	0	0	0	0	0	0	1	100	10	222	222	2222	120	1	5	1	0	23	13	12	5	0	0	0
461	45	Z0	0	2
462	45	Z0	0	2
463	66	G2	0	1	0
464	467	129	Z6	0	0	0	0	0	0	0	1	100	10	2222	2222	2222	120	1	5	1	0	23	13	12	5	0	0	0
468	45	Z1	0	2
469	472	129	Z7	0	0	0	0	0	0	0	1	100	10	2222	102	2	120	1	20	1	0	23	13	12	5	0	0	0
473	30	G8	0	0	0	0	0	0	1
474	66	G8	0	1	0
475	478	129	K8	0	0	0	0	0	0	0	10	100	1	2	100	200	120	1	60	1	0	23	13	12	0	0	0	0
479	30	H0	5	35	0	5000	4000	0	1
480	66	Z0	0	0	0
481	484	129	K9	0	0	0	0	0	0	0	10	100	1	2	102	2222	120	1	5	1	0	23	13	12	0	0	0	0
485	30	H3	0	13	0	60	55	0	1
486	66	Z0	0	1	0
487	490	129	L2	0	0	0	0	0	0	0	10	100	1	2	100	220	120	1	5	0	0	23	13	12	0	0	0	0
491	30	H5	0	2	0	100	70	0	1
492	66	H5	0	1	0
493	496	129	L3	0	0	0	0	0	0	0	10	100	1	2	100	220	120	1	5	1	0	23	13	12	0	0	0	0
497	30	H8	0	0	0	0	0	0	1
498	66	H8	0	1	0
499	45	Z1	0	2
500	503	129	N2	0	0	0	0	0	0	0	10	100	1	2002	100	220	120	1	5	0	0	23	13	12	0	0	0	0
504	30	H0	5	35	0	2500	2000	0	1
505	66	Z0	0	1	0
506	509	129	O5	0	0	0	0	0	0	0	10	100	1	2202	102	220	120	1	5	0	0	23	13	12	0	0	0	0
510	45	B9	0	2
511	45	Z1	0	2
512	45	Z1	0	2
513	45	Z1	0	2
514	45	Z1	0	2
515	518	129	N4	0	0	0	0	0	0	0	10	100	1	20	100	220	120	1	5	1	0	23	13	12	5	0	0	0
519	30	J0	0	13	0	100	100	0	1
520	66	J0	0	1	0
521	524	129	O1	0	0	0	0	0	0	0	10	100	1	22	102	102	120	1	5	1	0	23	13	12	0	0	0	0
525	30	H0	0	13	0	60	60	0	1
526	66	H0	0	1	0
527	530	129	O3	0	0	0	0	0	0	0	10	100	1	20	100	220	120	1	5	1	0	23	13	12	0	0	0	0
531	30	I0	0	13	0	100	90	0	1
532	66	I0	0	1	0
533	45	Z1	0	2
534	537	129	P4	0	0	0	0	0	0	0	10	100	1	20	100	220	120	1	5	1	0	23	13	12	5	0	0	0
538	45	55	0	2
539	45	55	0	2
540	45	61	0	2
541	45	61	0	2
542	45	71	0	2
543	45	71	0	2
544	549	80	Z1	5	5	5	5	0	5	9.22323e+018	-9.22323e+018	9.22323e+018	100	0	0	-5	0	0	255	0	0	0	0	0	0	0	0	0	0	0	0	0	0	60
550	555	80	K3	5	5	5	5	0	5	9.20001e+018	-9.20001e+018	9.20001e+018	100	0	0	-5	0	0	255	0	0	0	0	0	0	0	0	0	0	0	0	0	0	60
556	557	123	47	0	0	0	0	1	0	0	0	0	0
558	30	47	0	2	0	100	100	0	1
559	66	47	0	1	0
560	565	80	K5	5	5	5	5	0	5	9.20001e+018	-9.20001e+018	9.20001e+018	100	0	0	-5	0	0	255	0	0	0	0	0	0	0	0	0	0	0	0	0	0	60
566	569	129	Z0	0	0	0	0	0	0	0	0	0	0	0	0	0	0	1	0	0	0	1	2	3	0	1	0	0
570	62	O0	0	1	0	0	0	0	0	0
571	62	O7	0	1	0	0	0	0	0	0
572	577	80	48	5	5	5	5	0	5	9	6	4e+006	12	0	43	12	0	43	255	0	0	0	0	0	0	0	0	0	0	0	0	0	0	60
578	583	80	78	5	5	5	5	0	5	4e+006	-4e+006	4e+006	100	0	0	-5	0	0	255	0	0	0	0	0	0	0	0	0	0	0	0	0	0	60
584	589	80	89	5	5	5	5	0	5	4e+006	-4e+006	4e+006	14	0	43	14	0	43	255	0	0	0	0	0	0	0	0	0	0	0	0	0	0	60
590	595	80	50	5	5	5	5	0	5	4e+006	-4e+006	4e+006	14	0	43	14	0	43	255	0	0	0	0	0	0	0	0	0	0	0	0	0	0	60
596	599	129	G0	0	0	0	0	0	0	0	10	100	1	20	100	220	120	1	5	1	0	23	13	12	5	0	0	0
600	603	129	G1	0	0	0	0	0	0	0	10	100	1	2	102	202	120	1	10	1	0	23	13	12	10	0	0	0
604	607	129	G4	0	0	0	0	0	0	0	10	100	1	2	102	202	120	1	30	1	0	23	13	12	7	0	0	0
608	611	129	H2	0	0	0	0	0	0	0	10	100	1	2002	2102	2222	120	1	5	1	0	23	13	12	0	0	0	0
612	615	129	H4	0	0	0	0	0	0	0	10	100	1	222	102	2222	120	1	5	1	0	23	13	12	5	0	0	0
616	619	129	H7	0	0	0	0	0	0	0	10	100	1	2	102	2202	120	1	10	1	0	23	13	12	0	0	0	0
620	623	129	H9	0	0	0	0	0	0	0	10	100	1	2	102	220	120	1	5	1	0	23	13	12	0	0	0	0
624	627	129	I3	0	0	0	0	0	0	0	10	100	1	20	100	220	120	1	5	1	0	23	13	12	5	0	0	0
628	631	129	I4	0	0	0	0	0	0	0	10	100	1	20	100	220	120	1	5	1	0	23	13	12	5	0	0	0
632	635	129	I5	0	0	0	0	0	0	0	10	100	1	20	100	220	120	1	5	1	0	23	13	12	5	0	0	0
636	639	129	I7	0	0	0	0	0	0	0	10	100	1	20	100	220	120	1	9.99997e+008	1	0	23	13	12	5	0	0	0
640	643	129	I8	0	0	0	0	0	0	0	10	100	1	2222	2222	2222	222	1	10	1	0	23	13	12	5	0	0	0
644	647	129	I9	0	0	0	0	0	0	0	10	100	1	2222	2222	2222	222	1	25	1	0	23	13	12	15	0	0	0
648	651	129	J1	0	0	0	0	0	0	0	10	100	1	20	100	220	120	1	5	1	0	23	13	12	5	0	0	0
652	655	129	J2	0	0	0	0	0	0	0	10	100	1	2	102	2222	120	1	10	1	0	23	13	12	5	0	0	0
656	659	129	Z1	0	0	0	0	0	0	0	0	0	0	0	0	0	0	1	0	0	0	1	2	3	0	1	0	0
660	663	129	J9	0	0	0	0	0	0	0	10	100	1	20	100	220	120	1	5	1	0	23	13	12	5	0	0	0
664	667	129	K0	0	0	0	0	0	0	0	10	100	1	20	100	220	120	1	5	1	0	23	13	12	5	0	0	0
668	673	80	I6	5	5	5	5	0	5	9.20001e+018	-9.20001e+018	9.20001e+018	100	0	0	-5	0	0	255	0	0	0	0	0	0	0	0	0	0	0	0	0	0	60
674	679	80	Z1	5	5	5	5	0	5	9.22323e+018	-9.22323e+018	9.22323e+018	100	0	0	-5	0	0	255	0	0	0	0	0	0	0	0	0	0	0	0	0	0	60
680	683	129	Z1	0	0	0	0	0	0	0	0	0	0	0	0	0	0	1	0	0	0	1	2	3	0	1	0	0
684	30	Z1	5	0	0	100	100	0	1
685	30	Z1	5	0	0	100	100	0	1
686	691	80	H1	5	5	5	5	0	5	9.20001e+018	-9.20001e+018	9.20001e+018	100	0	2	100	0	2	255	0	0	0	0	0	0	0	0	0	0	0	0	0	0	60
692	697	80	P3	5	5	5	5	0	5	9.2e+018	-9.2e+018	9.2e+018	100	0	2	100	0	2	255	0	0	0	0	0	0	0	0	0	0	0	0	0	0	60
698	703	80	I1	5	5	5	5	0	5	9.20001e+018	-9.20001e+018	9.20001e+018	200	0	16	200	0	16	255	0	0	0	0	0	0	0	0	0	0	0	0	0	0	60
704	709	80	C5	5	5	5	5	0	5	9.20001e+018	-9.20001e+018	9.20001e+018	100	0	0	-5	0	0	255	0	0	0	0	0	0	0	0	0	0	0	0	0	0	60
710	713	129	51	0	0	0	0	0	0	0	10	100	1	2222	2102	2012	120	1	5	1	0	23	13	12	1	0	0	0
714	717	129	59	0	0	0	0	0	0	0	10	100	1	2222	2102	2012	120	1	5	1	0	23	13	12	1	0	0	0
718	721	129	64	0	0	0	0	0	0	0	10	100	1	2222	2102	2012	120	1	5	1	0	23	13	12	1	0	0	0
722	725	129	66	0	0	0	0	0	0	0	10	100	1	2222	2102	2012	120	1	5	1	0	23	13	12	1	0	0	0
726	729	129	72	0	0	0	0	0	0	0	10	100	1	10	100	220	120	1	5	1	0	23	13	12	1	0	0	0
730	733	129	75	0	0	0	0	0	0	0	10	100	1	2222	2102	2102	120	1	5	1	0	23	13	12	1	0	0	0
734	737	129	73	0	0	0	0	0	0	0	10	100	1	2222	2102	2012	120	1	5	1	0	23	13	12	1	0	0	0
738	741	129	76	0	0	0	0	0	0	0	10	100	1	2222	2102	2102	120	1	5	1	0	23	13	12	1	0	0	0
742	745	129	79	0	0	0	0	0	0	0	10	100	1	2222	2102	2012	120	1	5	1	0	23	13	12	1	0	0	0
746	749	129	80	0	0	0	0	0	0	0	10	100	1	2222	2102	2012	120	1	5	1	0	23	13	12	1	0	0	0
750	753	129	81	0	0	0	0	0	0	0	10	100	1	2222	2102	2012	120	1	5	1	0	23	13	12	1	0	0	0
754	757	129	86	0	0	0	0	0	0	0	10	100	1	2222	2102	2012	120	1	5	1	0	23	13	12	1	0	0	0
758	761	129	87	0	0	0	0	0	0	0	10	100	1	2222	2102	2012	120	1	5	1	0	23	13	12	1	0	0	0
762	30	47	5	2	0	100	90	20	0.25
763	66	58	0	1	0
764	769	80	58	5	5	5	5	0	5	1e+010	0	1e+010	20	1	2	-5	0	0	255	0	0	0	0	0	0	0	0	0	0	0	0	0	0	60
770	30	H0	5	21	1	200	200	0	1
771	66	63	0	1	0
772	777	80	63	5	5	5	5	0	5	1e+010	-1e+010	1e+010	20	1	2	-5	0	0	255	0	0	0	0	0	0	0	0	0	0	0	0	0	0	60
778	30	94	5	27	1	2000	1800	500	1
779	66	65	0	1	0
780	785	80	65	5	5	5	5	0	5	1e+010	-1e+010	1e+010	20	1	2	-5	0	0	255	0	0	0	0	0	0	0	0	0	0	0	0	0	0	60
786	30	Z1	5	0	0	100	100	0	1
787	30	Z1	5	0	0	100	100	0	1
788	30	G5	0	2	0	120	90	0	1
789	66	G5	0	1	0
790	793	129	G7	0	0	0	0	0	0	0	10	100	1	2002	2102	2222	120	1	5	1	0	23	13	12	5	0	0	0
794	797	129	G9	0	0	0	0	0	0	0	10	100	1	2002	2102	2222	120	1	5	1	0	23	13	12	0	0	0	0
798	30	98	5	16	0	10	5	0	1
799	66	98	0	1	0
800	45	57	0	0
801	45	57	0	0
802	807	80	69	5	5	5	5	0	5	9.20001e+018	-9.20001e+018	9.20001e+018	100	0	0	-5	0	0	255	0	0	0	0	0	0	0	0	0	0	0	0	0	0	60
808	813	80	H3	5	5	5	5	0	5	95	0	9.2e+018	100	0	2	100	0	2	255	0	0	0	0	0	0	0	0	0	0	0	0	0	0	60
814	819	80	O9	5	5	5	5	0	5	9.2e+018	-9.2e+018	9.2e+018	100	0	2	100	0	2	255	0	0	0	0	0	0	0	0	0	0	0	0	0	0	60
820	823	129	S1	0	0	0	0	0	0	0	10	100	1	2012	2112	2212	120	1	5	1	0	23	13	12	5	0	0	0
824	827	129	S3	0	0	0	0	0	0	0	10	100	1	2012	2112	2212	120	1	5	1	0	23	13	12	5	0	0	0
828	831	129	S5	0	0	0	0	0	0	0	10	100	1	2012	2112	2212	120	1	5	1	0	23	13	12	5	0	0	0
832	30	S2	0	0	0	0	0	0	1
833	66	S2	0	1	0
834	30	S4	0	0	0	100	100	0	1
835	66	S4	0	1	0
836	30	S6	0	23	0	20000	20000	-50	1
837	66	S6	0	1	0
838	45	58	0	2
839	45	63	0	2
840	45	65	0	2
841	844	129	G6	0	0	0	0	0	0	0	10	100	1	2222	2222	2222	120	1	10	1	0	23	13	12	2	0	0	0
845	848	129	G3	0	0	0	0	0	0	0	10	100	1	2222	2222	2222	120	1	10	1	0	23	13	12	2	0	0	0
849	852	129	H6	0	0	0	0	0	0	0	10	100	1	2002	202	2222	120	1	5	1	0	23	13	12	2	0	0	0
853	856	129	I2	0	0	0	0	0	0	0	10	100	1	20	100	220	120	1	5	1	0	23	13	12	5	0	0	0
857	862	80	Z1	5	5	5	5	0	5	9.22323e+018	-9.22323e+018	9.22323e+018	100	0	0	-5	0	0	255	0	0	0	0	0	0	0	0	0	0	0	0	0	0	60
863	30	Z1	5	0	0	100	100	0	1
864	30	Z1	5	0	0	100	100	0	1
865	870	80	89	5	5	5	5	0	5	9.22323e+018	-9.22323e+018	9.22323e+018	14	0	43	14	0	43	255	0	0	0	0	0	0	0	0	0	0	0	0	0	0	60
871	876	80	B6	5	5	5	5	0	5	9.22323e+018	-9.22323e+018	9.22323e+018	14	0	43	14	0	43	255	0	0	0	0	0	0	0	0	0	0	0	0	0	0	60
877	882	80	48	5	5	5	5	0	5	28	-14	400000	12	0	43	12	0	43	255	0	0	0	0	0	0	0	0	0	0	0	0	0	0	60
883	30	Z1	5	0	0	100	100	0	1
884	889	80	49	5	5	5	5	0	5	9.22323e+018	-9.22323e+018	9.22323e+018	14	0	43	14	0	43	255	0	0	0	0	0	0	0	0	0	0	0	0	0	0	60
890	45	G3	0	1
891	45	G6	0	1
892	897	80	Z1	5	5	5	5	0	5	9.22323e+018	-9.22323e+018	9.22323e+018	100	0	0	-5	0	0	255	0	0	0	0	0	0	0	0	0	0	0	0	0	0	60
898	30	Z1	5	0	0	100	100	0	1
899	30	Z1	5	0	0	100	100	0	1
900	45	H6	0	1
901	45	48	0	1
902	30	Z1	5	0	0	100	100	0	1
903	30	Z1	5	0	0	0	0	0	1
904	905	123	A4	0	0	0	100	1	0	0	1	5	0
906	907	123	A3	0	0	0	100	1	0	0	1	5	0
908	45	87	0	1
909	45	Y2	0	2
910	45	D5	0	1
911	50	00	1
912	50	00	0
913	916	129	Z0	0	0	0	0	0	0	0	0	0	0	0	0	0	0	1	0	0	0	1	2	3	0	1	0	0
917	50	00	0
918	45	68	0	0
919	26	Y0	2	37	15
920	30	Y0	0	43	0	14	12	0	1
921	926	80	53	5	5	5	5	0	5	9.22323e+018	-9.22323e+018	9.22323e+018	45	5	59	45	5	59	255	0	0	0	0	0	0	0	0	0	0	0	0	0	0	60
927	45	53	0	0
928	45	52	0	0
929	934	80	52	5	5	5	5	0	5	9.22323e+018	-9.22323e+018	9.22323e+018	200	0	16	200	0	16	255	0	0	0	0	0	0	0	0	0	0	0	0	0	0	60
935	30	B7	5	27	0	4500	7000	0	1
936	66	B7	0	1	1
937	30	B7	5	27	0	4500	4000	0	1
938	939	123	H0	0	0	0	100	1	0	0	0	5	0
940	941	123	H3	0	0	0	100	1	0	0	0	5	0
942	45	O9	0	0
943	45	P3	0	0
944	949	80	C7	5	5	5	5	0	5	9.22323e+018	-9.22323e+018	9.22323e+018	50	0	59	100	0	0	255	0	0	0	0	0	0	4	0	0	0	0	0	0	0	60
950	68	C7	0	1.60001	0	1.59998	0	5
951	956	80	98	5	5	5	5	0	5	9.22323e+018	-9.22323e+018	9.22323e+018	10	0	16	10	0	16	255	0	0	0	0	0	0	0	0	0	0	0	0	0	0	60
957	26	Z1	0	0	0
958	961	129	M2	0	0	0	0	0	0	0	10	100	1	2	102	2222	120	1	5	0	0	23	13	12	0	0	0	0
962	965	129	M3	0	0	0	0	0	0	0	10	100	1	2	102	2222	120	1	5	0	0	23	13	12	0	0	0	0
966	969	129	M4	0	0	0	0	0	0	0	10	100	1	2	102	2222	120	1	5	0	0	23	13	12	0	0	0	0
970	973	129	M5	0	0	0	0	0	0	0	10	100	1	2	102	2222	120	1	5	0	0	23	13	13	0	0	0	0
1025	1029	82	00	1	0.4	0	10	0	10	1	60	2	1	1	60	1	9.20001e+018	0
1030	19	T3	5	5	5	1	1	1	0	0	105	-5	0	0
1031	19	T7	5	5	5	1	1	1	0	0	105	-5	0	0
1032	19	T8	5	5	5	1	1	1	0	0	105	-5	0	0
2001	19	A7	5	5	5	1	0.00900006	0.290001	0	0	105	-5	0	0
2003	19	B4	5	5	5	1	1	1	0	0	105	-5	0	0
2004	19	B6	5	5	5	1	7.14001	3	0	0	105	-5	0	0
2005	2006	12	47	0	0	0
2007	2	48	0
2008	19	48	5	5	5	1	1.59998	1	0.25	0	20	-5	0	1
2010	15	48	5	5	1	1
2011	15	48	5	5	1	1
2012	19	78	5	5	5	1	1	1	0	0	105	-5	0	0
2013	9	78	5	5	0	0	0
2014	39	78	0	0
2015	33	78	0
2016	2	89	7
2017	19	89	5	5	5	1	3	1	1.19989	0	105	-5	0	1
2019	15	89	5	5	1	1
2020	19	B0	5	5	5	1	1	1	0	0	105	-5	0	0
2021	15	89	5	5	1	1
2022	2023	12	91	0	1000	0
2024	2025	12	91	0	1000	0
2026	2	Z0	0
2027	19	50	5	5	5	1	7.14001	1.5	0.5	0	105	-5	0	1
2028	33	92	0
2029	15	Z0	5	5	1	1
2030	15	Z1	5	5	1	1
2031	50	G0	0
2032	33	G0	0
2033	2034	69	G0	596	2
2035	37	G0	1	1
2036	39	G0	0	0
2037	33	G0	0
2038	36	G0	0	0	0	0	0	0	0	0	1	0
2039	34	G0	0	0	0	0
2040	50	G1	0
2041	35	G1	0	0	5
2042	33	G1	0
2043	39	G1	0	0
2045	39	G1	0	0
2046	33	G1	0
2047	2048	69	G1	600	2
2049	37	G1	1	1
2050	33	G1	0
2051	33	G1	0
2052	36	G1	0	0	0	0	0	0	0	0	1	0
2053	59	G1	0	0	0
2054	34	G1	0	0	0	0
2055	50	G4	0
2056	35	G4	0	0	5
2057	33	G4	0
2058	39	G4	0	0
2060	2061	12	B8	0	120	0
2070	2071	12	C0	0	90	0
2080	50	K1	0
2081	37	K1	1	1
2082	39	K1	0	0
2083	33	K1	0
2084	33	K1	0
2085	2086	69	K1	310	2
2087	36	K1	0	0	0	0	0	0	0	0	1	0
2088	34	K1	0	0	0	0
2089	39	G4	0	0
2090	33	G4	0
2091	33	G4	0
2092	37	G4	1	1
2093	33	G4	0
2094	2095	69	G4	604	2
2096	36	G4	0	0	0	0	0	0	0	0	1	0
2097	59	G4	0	0	0
2098	34	G4	0	0	0	0
2099	50	G7	0
2100	35	G7	0	0	5
2102	33	G7	0
2103	39	G7	0	0
2104	37	G7	1	1
2105	39	G7	0	0
2106	33	G7	0
2107	2108	69	G7	790	2
2109	37	G7	1	1
2110	50	K2	0
2111	37	K2	1	1
2112	39	K2	0	0
2113	33	K2	0
2114	33	K2	0
2115	2116	69	K2	315	2
2117	36	K2	0	0	0	0	0	0	0	0	1	0
2118	34	K2	0	0	0	0
2119	33	G7	0
2120	33	G7	0
2121	36	G7	0	0	0	0	0	0	0	0	1	0
2122	59	G7	0	0	0
2123	34	G7	0	0	0	0
2124	50	G9	0
2125	35	G9	0	0	5
2126	33	G9	0
2127	39	G9	0	0
2128	37	G9	1	1
2129	39	G9	0	0
2130	33	G9	0
2131	2132	69	G9	794	2
2133	37	G9	1	1
2134	33	G9	0
2135	33	G9	0
2136	36	G9	0	0	0	0	0	0	0	0	1	0
2137	59	G9	0	0	0
2139	34	G9	0	0	0	0
2140	50	K4	0
2141	37	K4	1	1
2142	39	K4	0	0
2143	33	K4	0
2144	33	K4	0
2145	2146	69	K4	320	2
2147	36	K4	0	0	0	0	0	0	0	0	1	0
2148	34	K4	0	0	0	0
2149	50	H2	0
2150	35	H2	0	0	5
2151	33	H2	0
2152	39	H2	0	0
2153	37	H2	1	1
2154	39	H2	0	0
2155	33	H2	0
2156	2157	69	H2	608	2
2158	37	H2	1	1
2159	33	H2	0
2160	33	H2	0
2161	36	H2	0	0	0	0	0	0	0	0	1	0
2162	59	H2	0	0	0
2163	34	H2	0	0	0	0
2164	50	H4	0
2165	35	H4	0	0	5
2166	33	H4	0
2167	39	H4	0	0
2169	39	H4	0	0
2170	50	J3	0
2171	37	J3	1	1
2172	39	J3	0	0
2173	33	J3	0
2174	33	J3	0
2175	2176	69	J3	326	2
2177	36	J3	0	0	0	0	0	0	0	0	1	0
2178	34	J3	0	0	0	0
2179	33	H4	0
2180	2181	69	H4	612	2
2182	37	H4	1	1
2183	33	H4	0
2184	33	H4	0
2185	36	H4	0	0	0	0	0	0	0	0	1	0
2186	59	H4	0	0	0
2187	34	H4	0	0	0	0
2188	50	H7	0
2189	35	H7	0	0	5
2190	33	H7	0
2191	39	H7	0	0
2192	37	H7	1	1
2193	39	H7	0	0
2194	33	H7	0
2195	2196	69	H7	616	2
2197	37	H7	1	1
2198	33	Z1	0
2199	33	H7	0
2200	50	J4	0
2201	37	J4	1	1
2202	39	J4	0	0
2203	33	J4	0
2204	33	J4	0
2205	2206	69	J4	330	2
2207	36	J4	0	0	0	0	0	0	0	0	1	0
2208	34	J4	0	0	0	0
2230	50	J5	0
2231	37	J5	1	1
2232	39	J5	0	0
2233	33	J5	0
2234	33	J5	0
2235	2236	69	J5	340	2
2237	36	J5	0	0	0	0	0	0	0	0	1	0
2238	34	J5	0	0	0	0
2239	36	H7	0	0	0	0	0	0	0	0	1	0
2240	59	H7	0	0	0
2241	34	H7	0	0	0	0
2242	50	H9	0
2243	35	H9	0	0	5
2244	33	H9	0
2245	39	H9	0	0
2246	37	H9	1	1
2247	39	H9	0	0
2248	33	H9	0
2249	2250	69	H9	620	2
2251	37	H9	1	1
2252	33	H9	0
2253	33	H9	0
2254	36	H9	0	0	0	0	0	0	0	0	1	0
2255	59	H9	0	0	0
2256	34	H9	0	0	0	0
2257	50	I3	0
2258	33	I3	0
2259	37	I3	1	1
2260	50	Z2	0
2261	37	Z2	1	1
2262	39	Z2	0	0
2263	33	Z2	0
2264	33	Z2	0
2265	2266	69	Z2	347	2
2267	36	Z2	0	0	0	0	0	0	0	0	1	0
2268	34	Z2	0	0	0	0
2269	39	I3	0	0
2270	2271	69	I3	624	2
2272	33	I3	0
2273	36	I3	0	0	0	0	0	0	0	0	1	0
2274	34	I3	0	0	0	0
2275	50	I4	0
2276	33	I4	0
2277	37	I4	1	1
2278	39	I4	0	0
2279	2280	69	I4	628	2
2281	33	I4	0
2282	36	I4	0	0	0	0	0	0	0	0	1	0
2283	34	I4	0	0	0	0
2284	50	I5	0
2285	33	I5	0
2286	37	I5	1	1
2287	39	I5	0	0
2288	2289	69	I5	632	2
2290	50	Z8	0
2291	37	Z8	1	1
2292	39	Z8	0	0
2293	33	Z8	0
2294	33	Z8	0
2295	2296	69	Z8	353	2
2297	36	Z8	0	0	0	0	0	0	0	0	1	0
2298	34	Z8	0	0	0	0
2299	33	I5	0
2301	36	I5	0	0	0	0	0	0	0	0	1	0
2302	34	I5	0	0	0	0
2303	50	I7	0
2304	33	I7	0
2305	37	I7	1	1
2306	39	I7	0	0
2307	2308	69	I7	636	2
2309	33	I7	0
2310	36	I7	0	0	0	0	0	0	0	0	1	0
2311	34	I7	0	0	0	0
2312	50	I8	0
2313	33	I8	0
2314	37	I8	1	1
2315	39	I8	0	0
2316	2317	69	I8	640	2
2318	33	I8	0
2319	36	I8	0	0	0	0	0	0	0	0	1	0
2320	50	Z3	0
2321	37	Z3	1	1
2322	39	Z3	0	0
2323	33	Z3	0
2324	33	Z3	0
2325	2326	69	Z3	359	2
2327	36	Z3	0	0	0	0	0	0	0	0	1	0
2328	34	Z3	0	0	0	0
2329	34	I8	0	0	0	0
2331	50	I9	0
2332	33	I9	0
2333	37	I9	1	1
2334	39	I9	0	0
2335	2336	69	I9	644	2
2337	33	I9	0
2338	36	I9	0	0	0	0	0	0	0	0	1	0
2339	34	I9	0	0	0	0
2340	50	J1	0
2341	33	J1	0
2342	37	J1	1	1
2343	39	J1	0	0
2344	2345	69	J1	648	2
2346	33	J1	0
2347	36	J1	0	0	0	0	0	0	0	0	1	0
2348	34	J1	0	0	0	0
2350	50	K6	0
2351	37	K6	1	1
2352	39	K6	0	0
2353	33	K6	0
2354	33	K6	0
2355	2356	69	K6	365	2
2357	36	K6	0	0	0	0	0	0	0	0	1	0
2358	34	K6	0	0	0	0
2359	50	J2	0
2360	33	J2	0
2361	37	J2	1	1
2362	39	J2	0	0
2363	2364	69	J2	652	2
2365	33	J2	0
2366	36	J2	0	0	0	0	0	0	0	0	1	0
2367	34	J2	0	0	0	0
2380	50	K7	0
2381	37	K7	1	1
2382	39	K7	0	0
2383	33	K7	0
2384	33	K7	0
2385	2386	69	K7	370	2
2387	36	K7	0	0	0	0	0	0	0	0	1	0
2388	34	K7	0	0	0	0
2389	50	J9	0
2390	33	J9	0
2391	37	J9	1	1
2392	39	J9	0	0
2393	2394	69	J9	660	2
2395	33	J9	0
2396	36	J9	0	0	0	0	0	0	0	0	1	0
2397	34	J9	0	0	0	0
2398	50	K0	0
2399	33	K0	0
2400	37	K0	1	1
2401	39	K0	0	0
2402	2403	69	K0	664	2
2404	33	K0	0
2405	36	K0	0	0	0	0	0	0	0	0	1	0
2406	34	K0	0	0	0	0
2408	50	I6	0
2409	9	I6	5	5	0	0	0
2410	50	L0	0
2411	37	L0	1	1
2412	39	L0	0	0
2413	33	L0	0
2414	33	L0	0
2415	2416	69	L0	376	2
2417	36	L0	0	0	0	0	0	0	0	0	1	0
2418	34	L0	0	0	0	0
2419	39	I6	0	0
2420	33	I6	0
2421	8	I6	0	0	0	0
2440	50	L1	0
2441	37	L1	1	1
2442	39	L1	0	0
2443	33	L1	0
2444	33	L1	0
2445	2446	69	L1	382	2
2447	36	L1	0	0	0	0	0	0	0	0	1	0
2448	34	L1	0	0	0	0
2470	50	M6	1
2471	35	M6	0	0	5
2472	39	M6	0	0
2473	37	M6	1	1
2474	39	M6	0	0
2475	33	M6	0
2476	33	M6	0
2477	37	M6	1	1
2478	33	M6	0
2479	2480	69	M6	388	2
2481	36	M6	0	0	0	0	0	0	0	0	1	0
2482	59	M6	0	0	0
2483	34	M6	0	0	0	0
2484	33	M6	0
2500	50	M8	0
2501	35	M8	0	0	30
2502	39	M8	0	0
2503	33	M8	0
2504	37	M8	1	1
2505	33	M8	0
2506	37	M8	1	1
2507	39	M8	0	0
2508	33	M8	0
2509	33	M8	0
2510	2511	69	M8	395	2
2512	36	M8	0	0	0	0	0	0	0	0	1	0
2513	59	M8	0	0	0
2514	34	M8	0	0	0	0
2515	50	H1	0
2516	39	H1	0	0
2517	9	H1	5	5	0	0	0
2518	33	H1	0
2519	8	H1	0	0	1	1
2520	50	P3	0
2521	39	P3	0	0
2522	9	P3	5	5	0	0	0
2523	33	P3	0
2524	8	P3	0	0	0	0
2525	50	I1	0
2526	39	I1	0	0
2527	9	I1	5	5	0	0	0
2528	33	I1	0
2529	8	I1	0	0	2.5	1.5
2530	50	N0	0
2531	35	N0	0	0	5
2532	39	N0	0	0
2533	33	N0	0
2534	37	N0	1	1
2535	33	N0	0
2536	37	N0	1	1
2537	39	N0	0	0
2538	33	N0	0
2539	33	N0	0
2540	2541	69	N0	400	2
2542	36	N0	0	0	0	0	0	0	0	0	1	0
2543	59	N0	0	0	0
2544	34	N0	0	0	0	0
2545	50	C5	0
2546	39	C5	0	0
2547	9	C5	5	5	0	0	0
2548	33	C5	0
2549	8	C5	0	0	0	0
2550	50	51	0
2551	33	51	0
2552	39	51	0	0
2553	39	51	0	0
2554	33	51	0
2555	33	51	0
2556	2557	69	51	710	2
2558	39	51	0	0
2559	36	51	0	0	0	0	0	0	0	0	1	0
2560	50	N6	0
2561	35	N6	0	0	5
2562	39	N6	0	0
2563	33	N6	0
2564	37	N6	1	1
2565	33	N6	0
2566	37	N6	1	1
2567	39	N6	0	0
2568	33	N6	0
2570	2571	69	N6	408	2
2572	36	N6	0	0	0	0	0	0	0	0	1	0
2573	59	N6	0	0	0
2574	34	N6	0	0	0	0
2576	39	51	0	0
2577	34	51	0	0	0	0
2578	50	59	0
2579	33	59	0
2580	2581	69	59	714	2
2582	39	59	0	0
2583	39	59	0	0
2584	33	59	0
2585	33	59	0
2586	39	59	0	0
2587	36	59	0	0	0	0	0	0	0	0	1	0
2588	39	59	0	0
2589	34	59	0	0	0	0
2590	50	O8	0
2591	35	O8	0	0	5
2592	39	O8	0	0
2593	33	O8	0
2594	37	O8	1	1
2595	33	O8	0
2596	37	O8	1	1
2597	39	O8	0	0
2598	33	O8	0
2600	2601	69	O8	415	2
2602	36	O8	0	0	0	0	0	0	0	0	1	0
2603	59	O8	0	0	0
2604	34	O8	0	0	0	0
2605	50	64	0
2606	33	64	0
2607	2608	69	64	718	2
2609	39	64	0	0
2610	39	64	0	0
2611	33	64	0
2612	33	64	0
2613	39	64	0	0
2614	36	64	0	0	0	0	0	0	0	0	1	0
2615	39	64	0	0
2616	34	64	0	0	0	0
2617	50	66	0
2618	33	66	0
2620	50	P2	0
2621	35	P2	0	0	5
2622	39	P2	0	0
2623	33	P2	0
2624	37	P2	1	1
2625	33	P2	0
2626	37	P2	1	1
2627	39	P2	0	0
2628	33	P2	0
2630	2631	69	P2	421	2
2632	36	P2	0	0	0	0	0	0	0	0	1	0
2633	59	P2	0	0	0
2634	34	P2	0	0	0	0
2635	2636	69	66	722	2
2637	39	66	0	0
2638	39	66	0	0
2639	33	66	0
2640	33	66	0
2641	39	66	0	0
2642	36	66	0	0	0	0	0	0	0	0	1	0
2643	39	66	0	0
2644	34	66	0	0	0	0
2645	50	72	0
2646	33	72	0
2647	2648	69	72	726	2
2649	39	72	0	0
2650	50	N8	0
2651	35	N8	0	0	5
2652	39	N8	0	0
2653	33	N8	0
2654	37	N8	1	1
2655	33	N8	0
2656	37	N8	1	1
2657	39	N8	0	0
2658	33	N8	0
2660	2661	69	N8	427	2
2662	36	N8	0	0	0	0	0	0	0	0	1	0
2663	59	N8	0	0	0
2664	34	N8	0	0	0	0
2666	39	72	0	0
2667	33	72	0
2668	33	72	0
2669	39	72	0	0
2670	36	72	0	0	0	0	0	0	0	0	1	0
2671	39	72	0	0
2672	34	72	0	0	0	0
2673	50	75	0
2674	33	75	0
2675	2676	69	75	730	2
2677	39	75	0	0
2678	39	75	0	0
2680	50	P0	0
2681	35	P0	0	0	5
2682	39	P0	0	0
2683	33	P0	0
2684	37	P0	1	1
2685	33	P0	0
2686	37	P0	1	1
2687	39	P0	0	0
2688	33	P0	0
2690	2691	69	P0	433	2
2692	36	P0	0	0	0	0	0	0	0	0	1	0
2693	59	P0	0	0	0
2694	34	P0	0	0	0	0
2696	33	75	0
2697	33	75	0
2698	39	75	0	0
2699	36	75	0	0	0	0	0	0	0	0	1	0
2700	39	75	0	0
2701	34	75	0	0	0	0
2702	50	73	0
2703	33	73	0
2704	2705	69	73	734	2
2706	39	73	0	0
2707	39	73	0	0
2708	33	73	0
2709	33	73	0
2710	50	J6	0
2711	37	J6	1	1
2712	39	J6	0	0
2713	33	J6	0
2714	33	J6	0
2715	2716	69	J6	439	2
2717	36	J6	0	0	0	0	0	0	0	0	1	0
2718	34	J6	0	0	0	0
2719	39	73	0	0
2720	36	73	0	0	0	0	0	0	0	0	1	0
2721	39	73	0	0
2722	34	73	0	0	0	0
2723	50	76	0
2724	33	76	0
2725	2726	69	76	738	2
2727	39	76	0	0
2728	39	76	0	0
2729	33	76	0
2730	50	J7	0
2731	37	J7	1	1
2732	39	J7	0	0
2733	33	J7	0
2734	33	J7	0
2735	2736	69	J7	445	2
2737	36	J7	0	0	0	0	0	0	0	0	1	0
2738	34	J7	0	0	0	0
2739	33	76	0
2740	39	76	0	0
2741	36	76	0	0	0	0	0	0	0	0	1	0
2742	39	76	0	0
2743	34	76	0	0	0	0
2744	50	79	0
2745	33	79	0
2746	2747	69	79	742	2
2748	39	79	0	0
2749	39	79	0	0
2750	50	J8	0
2751	37	J8	1	1
2752	39	J8	0	0
2753	33	J8	0
2754	33	J8	0
2755	2756	69	J8	451	2
2757	36	J8	0	0	0	0	0	0	0	0	1	0
2758	34	J8	0	0	0	0
2759	33	79	0
2760	33	79	0
2761	39	79	0	0
2762	36	79	0	0	0	0	0	0	0	0	1	0
2763	39	79	0	0
2764	34	79	0	0	0	0
2765	50	80	0
2766	33	80	0
2767	2768	69	80	746	2
2769	39	80	0	0
2770	50	B5	0
2770	50	Z5	0
2771	37	Z1	1	1
2771	37	Z5	1	1
2772	39	Z1	0	0
2772	39	Z5	0	0
2773	33	B5	0
2773	33	Z5	0
2774	33	B5	0
2774	33	Z5	0
2775	2776	69	B5	457	2
2775	2776	69	Z5	457	2
2777	36	B5	0	0	0	0	0	0	0	0	1	0
2777	36	Z5	0	0	0	0	0	0	0	0	1	0
2778	34	B5	0	0	0	0
2778	34	Z5	0	0	0	0
2790	50	Z6	0
2791	37	Z6	1	1
2792	39	Z6	0	0
2793	33	Z6	0
2794	33	Z6	0
2795	2796	69	Z6	464	2
2797	36	Z6	0	0	0	0	0	0	0	0	1	0
2798	34	Z6	0	0	0	0
2799	39	80	0	0
2800	33	80	0
2801	33	80	0
2802	39	80	0	0
2803	36	80	0	0	0	0	0	0	0	0	1	0
2804	39	80	0	0
2805	34	80	0	0	0	0
2806	50	81	0
2807	33	81	0
2808	2809	69	81	750	2
2810	50	Z7	0
2811	37	Z7	1	1
2812	39	Z7	0	0
2813	33	Z7	0
2814	33	Z7	0
2815	2816	69	Z7	469	2
2817	36	Z7	0	0	0	0	0	0	0	0	1	0
2818	34	Z7	0	0	0	0
2819	39	81	0	0
2820	39	81	0	0
2821	33	81	0
2822	33	81	0
2823	39	81	0	0
2824	36	81	0	0	0	0	0	0	0	0	1	0
2825	39	81	0	0
2826	34	81	0	0	0	0
2828	50	86	0
2829	33	86	0
2830	50	K8	0
2831	37	K8	1	1
2832	39	K8	0	0
2833	33	K8	0
2834	33	K8	0
2835	2836	69	K8	475	2
2837	36	K8	0	0	0	0	0	0	0	0	1	0
2838	34	K8	0	0	0	0
2839	2840	69	86	754	2
2841	39	86	0	0
2842	39	86	0	0
2843	33	86	0
2844	33	86	0
2845	39	86	0	0
2846	36	86	0	0	0	0	0	0	0	0	1	0
2847	39	86	0	0
2848	34	86	0	0	0	0
2850	50	K9	0
2851	37	K9	1	1
2852	39	K9	0	0
2853	33	K9	0
2854	33	K9	0
2855	2856	69	K9	481	2
2857	36	K9	0	0	0	0	0	0	0	0	1	0
2858	34	K9	0	0	0	0
2859	50	87	0
2860	33	87	0
2861	2862	69	87	758	2
2863	39	87	0	0
2864	39	87	0	0
2865	33	87	0
2866	33	87	0
2867	39	87	0	0
2868	36	87	0	0	0	0	0	0	0	0	1	0
2869	39	87	0	0
2870	50	L2	0
2871	37	L2	1	1
2872	39	L2	0	0
2873	33	L2	0
2874	33	L2	0
2875	2876	69	L2	487	2
2877	36	L2	0	0	0	0	0	0	0	0	1	0
2878	34	L2	0	0	0	0
2879	34	87	0	0	0	0
2880	19	A1	5	5	5	1	6	1.5	1.17999	0	105	-5	0	1
2881	40	A1	0	0	0	0
2882	19	A2	5	5	5	1	6	1.5	1.185	0	105	-5	0	1
2883	40	A2	0	0	0	0
2884	40	98	0	0	0	0
2885	35	A3	0	0	2
2886	34	A3	0	0	0	0
2887	40	98	0	0	0	0
2888	35	A4	0	0	2
2889	34	A4	0	0	0	0
2890	50	L3	0
2891	37	L3	1	1
2892	39	L3	0	0
2893	33	L3	0
2894	33	L3	0
2895	2896	69	L3	493	2
2897	36	L3	0	0	0	0	0	0	0	0	1	0
2898	34	L3	0	0	0	0
2899	37	L6	1	1
2900	50	L6	0
2901	33	L6	0
2902	37	O9	1	1
2903	2904	69	L6	30	2
2905	39	L6	0	0
2906	33	L6	0
2907	36	L6	0	0	0	0	0	0	0	0	1	0
2908	34	L6	0	0	0	0
2909	37	L9	1	1
2910	50	N2	0
2911	35	N2	0	0	5
2912	39	N2	0	0
2913	33	N2	0
2914	37	N2	1	1
2915	33	N2	0
2916	37	N2	1	1
2917	39	N2	0	0
2918	33	N2	0
2919	50	L9	0
2920	2921	69	N2	500	2
2922	36	N2	0	0	0	0	0	0	0	0	1	0
2923	59	N2	0	0	0
2924	34	N2	0	0	0	0
2925	33	L9	0
2926	37	P3	1	1
2927	2928	69	L9	37	2
2929	39	L9	0	0
2930	50	O5	0
2931	37	O5	1	1
2932	39	O5	0	0
2933	33	O5	0
2934	33	L9	0
2935	2936	69	O5	506	2
2937	36	O5	0	0	0	0	0	0	0	0	1	0
2938	59	O5	0	0	0
2939	36	L9	0	0	0	0	0	0	0	0	1	0
2940	34	L9	0	0	0	0
2941	50	L4	0
2942	33	L4	0
2943	37	L4	1	1
2944	2945	69	L4	43	2
2946	39	L4	0	0
2947	33	L4	0
2948	36	L4	0	0	0	0	0	0	0	0	1	0
2949	34	L4	0	0	0	0
2950	50	N4	0
2951	37	N4	1	1
2952	39	N4	0	0
2953	33	N4	0
2954	50	L5	0
2955	2956	69	N4	515	2
2957	36	N4	0	0	0	0	0	0	0	0	1	0
2958	59	N4	0	0	0
2959	33	L5	0
2960	37	L5	1	1
2961	2962	69	L5	47	2
2963	39	L5	0	0
2964	33	L5	0
2965	36	L5	0	0	0	0	0	0	0	0	1	0
2966	34	L5	0	0	0	0
2967	50	P6	0
2968	33	P6	0
2969	37	P6	1	1
2970	50	O1	0
2971	37	O1	1	1
2972	39	O1	0	0
2973	33	O1	0
2974	39	P6	0	0
2975	2976	69	O1	521	2
2977	36	O1	0	0	0	0	0	0	0	0	1	0
2978	59	O1	0	0	0
2979	2980	69	P6	51	2
2981	33	P6	0
2982	36	P6	0	0	0	0	0	0	0	0	1	0
2983	34	P6	0	0	0	0
2984	50	53	1
2985	33	Y9	0
2986	37	Y9	1	1
2987	2988	69	Y9	55	2
2989	39	Y9	0	0
2990	50	O3	0
2991	37	O3	1	1
2992	39	O3	0	0
2993	33	O3	0
2994	33	Y9	0
2995	2996	69	O3	527	2
2997	36	O3	0	0	0	0	0	0	0	0	1	0
2998	59	O3	0	0	0
2999	36	Y9	0	0	0	0	0	0	0	0	1	0
3000	34	Y9	0	0	0	0
3001	35	L6	0	1	120
3002	39	L6	0	0
3003	3004	4	L6	0	0	1	1	20	0.25
3010	50	P4	0
3011	35	P4	0	0	5
3012	39	P4	0	0
3013	33	P4	0
3014	37	P4	1	1
3015	33	P4	0
3016	37	P4	1	1
3017	39	P4	0	0
3018	33	P4	0
3020	3021	69	P4	534	2
3022	36	P4	0	0	0	0	0	0	0	0	1	0
3023	59	P4	0	0	0
3024	34	P4	0	0	0	0
3040	8	K3	0	0	0	0
3041	50	K3	0
3044	39	K3	0	0
3045	33	K3	0
3046	9	K3	5	5	0	0	0
3055	50	K5	0
3056	39	K5	0	0
3057	33	K5	0
3058	9	K5	5	5	0	0	0
3060	8	K5	0	0	0	0
3065	2	B6	7
3066	15	B6	5	5	1	1
3067	15	B6	5	5	1	1
3073	35	N4	0	0	5
3074	39	N4	0	0
3075	33	N4	0
3076	37	N4	1	1
3077	33	N4	0
3078	34	N4	0	0	0	0
3079	35	O1	0	0	5
3080	39	O1	0	0
3081	33	O1	0
3082	37	O1	1	1
3083	33	O1	0
3084	34	O1	0	0	0	0
3085	35	O3	0	0	5
3086	39	O3	0	0
3087	33	O3	0
3088	37	O3	1	1
3089	33	O3	0
3090	34	O3	0	0	0	0
3091	35	O5	0	0	5
3092	39	O5	0	0
3093	33	O5	0
3094	37	O5	1	1
3095	33	O5	0
3096	34	O5	0	0	0	0
3097	50	58	0
3098	39	58	0	0
3099	33	58	0
3100	9	58	5	5	0	0	0
3101	8	58	0	0	3	100
3102	37	58	1	1
3103	35	58	0	0	1
3104	35	58	0	0	1
3105	40	58	0	0	0	0
3106	33	58	0
3107	34	58	0	0	0	0
3108	37	58	1	1
3109	33	58	0
3110	8	58	0	0	100	5
3111	39	58	0	0
3112	15	58	5	5	-1	1
3113	3114	12	58	0	0	0
3115	3117	156	58	5	5	5	0	5	5	5	0	0	0	5	1	0.200001	0	10	105	10	0	1	0	1	0	1
3119	50	63	0
3120	39	63	0	0
3121	33	63	0
3122	9	63	5	5	0	0	0
3123	3125	156	63	5	5	5	0	5	5	5	0	0	0	5	1	0.200001	0	10	105	10	0	1	0	1	0	1
3126	8	63	0	0	3	100
3127	37	63	1	1
3128	35	63	0	0	1
3129	35	63	0	0	1
3130	40	63	0	0	0	0
3131	33	63	0
3132	34	63	0	0	0	0
3133	37	63	1	1
3134	33	63	0
3135	39	63	0	0
3136	8	63	0	0	100	5
3137	15	63	5	5	-1	1
3138	3139	12	63	0	0	0
3140	2	65	-5
3141	50	65	0
3142	39	65	0	0
3143	33	65	0
3144	9	65	5	5	0	0	0
3145	3147	156	65	5	5	5	0	5	5	5	0	0	0	5	1	0.200001	0	10	105	10	0	1	0	1	0	1
3148	8	65	0	0	3	100
3149	37	65	1	1
3150	35	65	0	0	1
3151	35	65	0	0	1
3152	40	65	0	0	0	0
3153	33	65	0
3154	34	65	0	0	0	0
3155	37	65	1	1
3156	33	65	0
3157	39	65	0	0
3158	8	65	0	0	100	5
3159	15	65	5	5	-1	1
3160	3161	12	65	0	0	0
3162	2	58	-5
3170	65	N2	0	0	0	0	1	2	1	1
3171	35	N2	0	0	0
3172	33	N2	0
3173	117	N2	0	0	0	0	0	0	0	0	0	1	5	0	0	5	0
3174	117	N2	0	1	0	0	0	0	0	0	0	0	5	0	0	5	0
3175	35	N2	0	0	1
3176	24	N2	0	500	15
3177	65	N4	0	0	0	0	1	1	1	1
3178	35	N4	0	0	0
3179	33	N4	0
3180	117	N4	1	0	0	0	0	0	0	0	0	0	5	0	0	5	0
3181	117	N4	0	1	0	0	0	0	0	0	0	0	5	0	0	5	0
3182	35	N4	0	0	0
3183	24	N4	0	515	15
3184	65	N6	0	0	0	0	1	1	1	1
3185	35	N6	0	0	0
3186	33	N6	0
3187	117	N6	0	0	0	0	0	0	0	0	0	0	5	0	0	5	0
3188	117	N6	1	1	0	0	0	0	0	0	0	0	5	0	0	5	0
3189	35	N6	0	0	0
3190	24	N6	0	408	15
3191	65	N8	0	0	0	0	1	2	1	1
3192	35	N8	0	0	0
3193	33	N8	0
3194	117	N8	0	0	1	0	0	0	0	0	0	0	5	0	0	5	0
3195	117	N8	1	1	0	0	0	0	0	0	0	0	5	0	0	5	0
3196	35	N8	0	0	0
3197	24	N8	0	427	15
3198	65	O1	0	0	0	0	1	1	1	1
3199	35	O1	0	0	0
3200	33	O1	0
3201	117	O1	0	0	0	0	0	0	0	0	0	0	5	0	0	5	0
3202	117	O1	0	1	0	0	0	0	0	0	0	0	5	0	0	5	0
3203	35	O1	0	0	0
3204	24	O1	0	521	15
3206	65	O3	0	0	0	0	1	1	1	1
3207	35	O3	0	0	0
3208	33	O3	0
3209	117	O3	0	0	0	0	0	0	0	0	0	0	5	0	0	5	0
3210	117	O3	0	1	0	0	0	0	0	0	0	0	5	0	0	5	0
3211	35	O3	0	0	0
3212	24	O3	0	527	15
3214	65	O5	0	0	0	0	1	1	1	1
3215	35	O5	0	0	0
3216	33	O5	0
3217	117	O5	0	0	0	0	0	0	0	0	0	0	5	0	0	5	0
3218	117	O5	0	1	0	0	0	0	0	0	0	0	5	0	0	5	0
3219	35	O5	0	0	0
3220	24	O5	0	506	15
3221	65	P0	0	0	0	0	1	2	1	1
3222	35	P0	0	0	0
3223	33	P0	0
3224	117	P0	1	0	1	0	0	0	0	0	0	0	5	0	0	5	0
3225	117	P0	1	1	0	0	0	0	0	0	0	0	5	0	0	5	0
3226	35	P0	0	0	0
3227	24	P0	0	433	15
3228	65	P2	0	0	0	0	1	1	1	1
3229	35	P2	0	0	0
3230	33	P2	0
3231	117	P2	0	0	0	0	0	0	0	0	0	0	5	0	0	5	0
3232	117	P2	1	1	0	0	0	0	0	0	0	0	5	0	0	5	0
3233	35	P2	0	0	0
3234	24	P2	0	421	15
3235	65	P4	0	0	0	0	1	1	1	1
3236	35	P4	0	0	0
3237	33	P4	0
3238	35	P4	0	0	0
3239	24	P4	0	534	15
3240	117	P4	0	0	0	0	0	0	0	0	0	0	5	0	0	5	0
3241	117	P4	1	1	0	0	0	0	0	0	0	0	5	0	0	5	0
3242	33	54	0
3244	3245	12	60	0	40	60
3246	33	60	0
3247	35	73	0	2	0
3249	35	76	0	2	0
3250	3251	12	54	0	40	60
3870	2	63	-5
4033	39	A7	0	0
4034	33	A7	0
4035	9	A7	5	5	0	0	0
4036	39	B0	0	0
4037	33	B0	0
4038	9	B0	5	5	0	0	0
4039	39	B4	0	0
4040	33	B4	0
4041	9	B4	5	5	0	0	0
4043	4045	146	02	0	62	63	0	2	2	2	2	2	2	2	2	2	2	2	2	0	0
4046	147	02	0	3	0	0	2	2	2	2	2	2	2	2	2	2	2	2	2	2	2	2	2	2	2	2	2	2	2	2	2	2	2	2	2	2	2	2
4047	147	02	0	5	0	0	2	2	2	2	2	2	2	2	2	2	2	2	2	2	2	2	2	2	2	2	2	2	2	2	2	2	2	2	2	2	2	2
4050	4055	132	03	3	2	1	0	0	100	0	0	14	0	0	5000	0	0	100	0	0	200	0	0
4056	4061	132	03	3	2	1	0	0	100	0	0	100	0	0	100	0	0	100	0	0	100	0	0
4062	4067	132	03	3	2	1	0	0	100	0	5	45	0	5	45	0	5	45	0	0	100	0	0
4070	4075	132	04	4	2	1	0	2	100	0	2	100	0	0	14	0	0	1.5	0	0	3	0	0
4076	4081	132	04	4	2	1	0	0	100	0	0	100	0	0	2.5	0	0	100	0	0	60	0	0
4082	4087	132	04	4	2	1	0	0	100	0	0	1000	0	0	3	0	0	100	0	0	100	0	0
4090	4097	84	05	5	0	1
4100	4107	84	05	5	1	1
4110	4117	84	06	6	0	1
4120	4127	84	06	6	1	1
4130	4137	84	07	7	0	1
4140	4147	84	07	7	1	1
4150	4157	84	08	8	0	1
4160	4167	84	08	8	1	1
4170	83	09	9	10	1	0	0	0	0	0	0	0	0
4180	83	09	9	11	1	0	0	0	0	0	0	0	0
4190	83	10	10	10	1	0	0	0	0	0	0	0	0
4200	83	10	10	11	1	0	0	0	0	0	0	0	0
4210	83	11	11	120	1	0	0	0	0	0	0	0	0
4220	83	12	12	120	1	0	0	0	0	0	0	0	0
4230	83	13	13	120	1	0	0	0	0	0	0	0	0
4240	4245	132	14	14	2	1	0	0	100	0	0	100	0	0	60	0	0	100	0	0	200	0	0
4246	4251	132	14	14	2	1	0	0	100	0	0	100	0	0	20000	0	0	100	0	0	200	0	0
4252	4257	132	14	14	2	1	0	0	14	0	5	45	0	0	200	0	0	100	0	0	1600	0	0
4260	4267	149	15	15	2	1	2	2	2	2	2	2	2	2	2	2	2	2	2	2	0	105	0	105	0	105	0	105	0	105	0	105	0	105
4270	4277	149	15	15	2	1	2	2	2	2	2	2	2	2	2	2	2	2	2	2	0	105	0	105	0	105	0	105	0	105	0	105	0	105
4280	4287	149	16	16	2	1	2	2	2	2	2	2	2	2	2	2	2	2	2	2	0	105	0	105	0	105	-5	100	0	105	0	105	0	105
4290	4297	149	16	16	2	1	2	2	2	2	2	2	2	2	2	2	2	2	2	2	0	0	0	0	0	0	0	0	0	105	0	105	0	105
4300	4307	84	17	17	0	1
4310	4317	84	17	17	1	1
4320	4327	84	18	18	0	1
4330	4337	84	18	18	1	1
4340	4347	84	19	19	0	1
4350	4357	84	19	19	1	1
4360	4367	84	20	20	0	1
4370	4377	84	20	20	1	1
4380	4385	132	21	21	2	1	0	0	0	0	0	20000	0	0	100	0	0	50	0	0	10	0	0
4386	4391	132	21	21	2	1	0	0	330	0	0	330	0	0	2800	0	0	100	0	0	10	0	0
4392	4397	132	21	21	2	1	0	0	100	0	0	100	0	0	100	0	0	100	0	0	100	0	0
4400	4405	132	22	22	2	1	0	0	50	0	0	100	0	0	50	0	0	120	0	0	115	0	0
4406	4411	132	22	22	2	1	0	0	14	0	0	4500	0	0	100	0	0	100	0	0	2	0	0
4412	4417	132	22	22	2	1	0	0	100	0	0	100	0	0	100	0	0	100	0	0	100	0	0
4420	4425	132	23	23	2	1	0	0	100	0	0	100	0	0	100	0	0	100	0	0	178	0	0
4426	4431	132	23	23	2	1	0	0	178	0	0	50	0	0	50	0	0	100	0	0	100	0	0
4432	4437	132	23	23	2	1	0	0	100	0	0	100	0	0	100	0	0	100	0	0	100	0	0
4440	4447	149	24	24	2	1	2	2	2	2	2	2	2	2	2	2	2	2	2	2	0	105	0	105	0	105	0	105	0	105	0	105	0	105
4450	4457	149	24	24	2	1	2	2	2	2	2	2	2	2	2	2	2	2	2	2	0	105	0	105	0	105	0	105	0	105	0	105	0	105
4460	4467	84	25	25	0	1
4470	4477	84	25	25	1	1
4480	4487	84	26	26	0	1
4490	4497	84	26	26	1	1
4520	4527	84	28	28	0	1
4530	4537	84	28	28	1	1
4540	83	29	29	10	1	0	0	0	0	0	0	0	0
4550	83	29	29	11	1	0	0	0	0	0	0	0	0
4560	4567	84	31	31	0	1
4570	4577	84	31	31	1	1
4600	4607	84	32	32	0	1
4610	4617	84	32	32	1	1
4620	4627	84	33	33	0	1
4630	4637	84	33	33	1	1
4640	4647	84	34	34	0	1
4650	4657	84	34	34	1	1
4660	4667	84	35	35	0	1
4670	4677	84	35	35	1	1
4680	4687	84	36	36	0	1
4690	4697	84	36	36	1	1
4720	83	38	38	10	1	0	0	0	0	0	0	0	0
4730	83	38	38	11	1	0	0	0	0	0	0	0	0
4740	83	39	39	10	1	0	0	0	0	0	0	0	0
4750	83	39	39	11	1	0	0	0	0	0	0	0	0
4760	83	40	40	120	1	0	0	0	0	0	0	0	0
4770	83	41	43	11	1	0	0	0	0	0	0	0	0
4775	33	O8	0
4776	65	O8	0	0	0	0	1	1	1	1
4777	35	O8	571	0	7
4778	117	O8	1	0	1	0	0	0	0	0	0	0	5	0	0	5	0
4779	117	O8	1	1	0	0	0	0	0	0	0	0	5	0	0	5	0
4780	35	O8	4775	0	3
4781	24	O8	0	415	15
4782	50	69	0
4783	9	69	5	5	0	0	0
4784	39	69	0	0
4785	33	69	0
4786	8	69	0	0	0	0
4787	50	H3	0
4788	9	H3	5	5	0	0	0
4789	39	H3	0	0
4790	33	H3	0
4791	8	H3	0	0	3	2
4792	50	O9	0
4793	9	O9	5	5	0	0	0
4794	39	O9	0	0
4795	33	O9	0
4796	8	O9	0	0	0	0
4797	50	S1	0
4798	33	S1	0
4799	4800	69	S1	823	2
4801	37	S1	1	1
4802	39	S1	0	0
4803	33	S1	0
4804	36	S1	0	0	0	0	0	0	0	0	1	0
4805	34	S1	0	0	0	0
4806	50	S3	0
4807	33	S3	0
4808	4809	69	S3	827	2
4810	37	S3	1	1
4811	39	S3	0	0
4812	33	S3	0
4813	36	S3	0	0	0	0	0	0	0	0	1	0
4814	34	S3	0	0	0	0
4815	50	S5	0
4816	33	S5	0
4817	4818	69	S5	831	2
4819	37	S5	1	1
4820	39	S5	0	0
4821	33	S5	0
4822	36	S5	0	0	0	0	0	0	0	0	1	0
4823	34	S5	0	0	0	0
4827	4828	69	G6	844	2
4829	40	G6	0	0	0	0
4830	40	G6	0	0	0	0
4831	34	G6	0	0	0	0
4832	34	G6	0	0	0	0
4836	4837	69	H6	852	2
4838	40	H6	0	0	0	0
4839	40	H6	0	0	0	0
4840	34	H6	0	0	0	0
4841	34	H6	0	0	0	0
4842	39	I8	0	0
4844	50	I2	0
4845	33	I2	0
4846	4847	69	I2	856	2
4849	37	I2	1	1
4850	39	I2	0	0
4851	33	I2	0
4852	36	I2	0	0	0	0	0	0	0	0	1	0
4853	39	I2	0	0
4854	34	I2	0	0	0	0
4858	4859	69	G3	845	2
4860	40	G3	0	0	0	0
4861	40	G3	0	0	0	0
4862	34	G3	0	0	0	0
4863	34	G3	0	0	0	0
4865	15	B7	5	5	1	0
4868	4869	12	89	0	20	14
4870	39	89	0	0
4871	9	89	5	5	0	0	0
4872	35	89	0	0	3
4873	19	89	5	5	5	1	7.14282	0.449997	0.125	0	105	-5	0	0
4874	9	89	5	5	0	0	0
4875	33	89	0
4876	39	89	0	0
4877	39	89	0	0
4878	35	89	0	0	3
4879	39	B6	0	0
4880	35	B6	0	0	3
4881	4882	12	B6	0	7.5	-9999
4883	39	B6	0	0
4884	33	B6	0
4885	9	B6	5	5	0	0	0
4886	19	B6	5	5	5	1	7.5	0	5	0	105	-5	0	1
4887	35	B6	0	0	3
4888	9	B6	5	5	0	0	0
4889	39	B6	0	0
4890	35	48	0	0	170
4891	4892	12	48	0	8.5	6
4893	39	48	0	0
4894	33	48	0
4895	9	48	5	5	0	0	0
4896	19	48	5	5	5	1	3	1	1.19998	0	105	-5	0	0
4897	35	48	0	0	170
4898	9	48	5	5	0	0	0
4899	39	48	0	0
4900	39	48	0	0
4901	2	49	0
4902	15	49	5	5	1	-1
4903	9	49	5	5	0	0	0
4904	33	49	0
4905	35	49	0	1	5
4906	4907	12	49	0	8.5	6.5
4914	34	B8	0	0	0	0
4916	34	C0	0	0	0	0
4918	34	91	0	0	0	0
4920	34	91	0	0	0	0
4923	33	B8	0
4924	33	C0	0
4925	33	B8	0
4926	33	C0	0
4931	33	91	0
4932	33	91	0
4933	33	91	0
4935	33	91	0
4936	35	Z2	0	1	15
4937	35	Z8	0	1	15
4938	35	Z3	0	1	15
4939	35	B5	0	0	7
4939	35	Z5	0	0	0
4940	35	Z6	0	0	0
4941	35	Z7	0	1	15
4946	35	G1	0	1	1
4947	4948	12	G1	0	0	-1000
4949	35	G4	0	1	1
4950	4951	12	G4	0	80	30
4952	33	G3	0
4953	33	G6	0
4954	38	G1	1	1	1	1
4955	38	G4	1	1	1	1
4956	4957	12	H4	0	0	80
4958	35	H4	0	1	1
4959	33	G3	0
4960	33	G3	0
4961	33	G6	0
4962	33	G6	0
4963	35	G3	0	0	1
4964	33	G3	0
4965	24	G3	0	845	15
4966	35	G6	0	0	1
4967	33	G6	0
4968	24	G6	0	841	15
4975	40	G3	0	0	0	0
4976	40	G6	0	0	0	0
4977	40	G3	0	0	0	0
4978	40	G6	0	0	0	0
4981	33	G3	0
4982	33	G6	0
4983	40	H6	0	0	0	0
4984	40	H6	0	0	0	0
4985	33	H6	0
4986	33	H6	0
4987	33	H6	0
4988	33	H6	0
4989	24	H6	0	849	15
4990	33	H6	0
4991	35	H6	0	0	1
4992	38	H4	1	1	1	1
4993	39	G3	0	0
4994	39	G6	0	0
4995	39	H6	0	0
5000	5007	84	37	37	0	1
5010	5017	84	37	37	1	1
5018	5019	12	48	0	14	0
5020	39	48	0	0
5021	1	B7	0	0	0	500	500	0	0	0	0	0	0	4500	4500
5022	1	48	0	0	0	0	0	7	7	7	7	14	14	14	14
5023	1	89	0	0	0	0	0	0	0	7	7	14	14	14	14
5058	39	Z1	0	0
5059	39	L8	0	0
5060	33	L8	0
5061	35	L8	0	0	1
5062	5063	86	L8	1	0	1	1e+010	0	0
5064	5065	86	L8	1	0	1	60	0	0
5066	35	L8	0	0	1
5067	9	L8	5	5	0	0	0
5068	35	L8	0	0	2
5069	39	L8	0	0
5070	5072	85	L8	0	0	0	1	0	9.22323e+018	-9.22323e+018
5074	24	L8	0	5070	5
5075	37	L8	1	1
5076	34	L8	0	0	0	0
5077	5078	4	L9	0	0	1	1	5	0.25
5079	39	L9	0	0
5080	35	L9	0	1	120
5081	33	M0	0
5082	5083	86	M0	1	0	0	60	0	0
5084	5085	86	M0	1	0	0	100000	0	0
5086	35	M0	0	0	60
5087	39	M0	0	0
5088	35	M0	0	0	60
5089	9	M0	5	5	0	0	0
5090	35	M0	0	0	2
5091	39	M0	0	0
5092	5094	85	M0	0	0	0	1	0	9.22323e+018	-9.22323e+018
5095	24	M0	0	5092	5
5096	37	M0	1	1
5097	34	M0	0	0	0	0
5098	33	A3	0
5099	33	A4	0
5100	38	L6	1	1	1	1
5101	5102	12	L6	0	10	80
5103	38	L9	1	1	1	1
5104	5105	12	L9	0	10	80
5106	33	L6	0
5107	33	L9	0
5108	35	Z1	0	0	0
5109	35	Z1	0	0	0
5110	15	A1	5	5	-1	1
5111	2	A1	100
5112	15	A2	5	5	-1	1
5113	2	A2	100
5115	33	A3	0
5116	33	A4	0
5117	2	48	7
5118	15	48	5	5	0	1
5119	2	48	7
5120	15	48	5	5	-1	1
5150	5151	12	70	0	40	60
5152	39	G1	0	0
5153	39	G4	0	0
5154	19	49	5	5	5	1	7.14001	1.95001	0	0.5	75	-5	0	0
5155	33	67	0
5156	33	68	0
5157	19	53	5	5	5	1	1	1	0	0	105	-5	0	0
5158	9	53	5	5	0	0	0
5159	33	53	0
5160	19	52	5	5	5	1	0.75	0.800003	0.800003	0.400002	105	-5	0	0
5161	9	52	5	5	0	0	0
5162	33	52	0
5163	5164	12	00	0	6	0
5165	35	00	0	0	0.1
5166	33	00	0
5167	9	B7	5	5	0	0	0
5168	5169	166	B7	5	2	5	0	9.22323e+018	-9.22323e+018	1	0	0
5170	9	50	5	5	0	0	0
5171	9	A7	5	5	0	0	0
5172	5173	166	A7	5	2	5	0	9.22323e+018	-9.22323e+018	1	0	0
5174	9	52	5	5	0	0	0
5175	5176	166	Z0	5	2	5	0	0	0	1	0	0
5177	9	B4	5	5	0	0	0
5178	5179	166	B4	5	2	5	0	9.22323e+018	-9.22323e+018	1	0	0
5180	19	H1	5	5	5	1	3.58002	0.0995007	0.282501	0	105	-5	0	0
5181	19	I1	5	5	5	1	0.0458889	9.33325	10	6.69995	105	-5	0	0
5182	9	A7	5	5	0	0	0
5183	9	B0	5	5	0	0	0
5184	9	B4	5	5	0	0	0
5185	5186	12	L6	0	-5	0
5187	19	O9	5	5	5	1	0.400002	1	1	0	105	-5	0	0
5188	19	P3	5	5	5	1	0.400002	1	1	0	105	-5	0	0
5189	9	B0	5	5	0	0	0
5190	37	Z0	1	1
5191	37	Z0	1	1
5192	5193	166	B0	5	2	5	0	1e+010	0	1	0	0
5194	9	98	5	5	0	0	0
5195	9	98	5	5	0	0	0
5196	9	H0	5	5	0	0	0
5197	5198	166	H0	5	2	5	0	9.22323e+018	-9.22323e+018	1	0	0
5199	2	Z0	20
5200	19	H3	5	5	5	1	0.5	0.850006	0.800003	0	105	-5	0	0
5201	14	C7	5	5	5	5
5202	1	C7	0	30	0	30	15	40	30	50	45	60	60	70	100
5203	16	C7	6	6	1
5204	5205	166	98	5	2	5	0	9.22323e+018	-9.22323e+018	1	0	0
5206	19	98	5	5	5	1	5	1.64999	0.5	0	105	-5	0	0
5207	39	53	0	0
5208	33	98	0
5209	9	98	5	5	0	0	0
5210	33	98	0
5211	5212	12	97	4389	10	0
5213	34	92	0	0	0	0
5214	5219	132	42	44	2	1	0	0	0	0	0	0	0	0	0	0	0	0	0	0	0	0	0
5220	5225	132	42	44	2	1	0	0	0	0	0	0	0	0	0	0	0	0	0	0	0	0	0
5226	5231	132	42	44	2	1	0	0	0	0	0	0	0	0	0	0	0	0	0	0	0	0	0
5232	5237	132	43	45	2	1	0	0	0	0	0	0	0	0	0	0	0	0	0	0	0	0	0
5238	5243	132	43	45	2	1	0	0	0	0	0	0	0	0	0	0	0	0	0	0	0	0	0
5244	5249	132	43	45	2	1	0	0	0	0	0	0	0	0	0	0	0	0	0	0	0	0	0
5251	5258	149	44	46	2	1	2	2	2	2	2	2	2	2	2	2	2	2	2	2	0	105	0	100	0	100	0	100	0	100	0	100	0	100
5260	5267	149	44	46	2	1	2	2	2	2	2	2	2	2	2	2	2	2	2	2	0	100	0	100	0	100	0	100	0	100	0	100	0	100
5269	9	94	5	5	0	0	0
5270	5271	166	94	5	2	5	0	9.22323e+018	-9.22323e+018	1	0	0
5272	2	D2	1
5273	16	D2	6	6	1
5274	9	I1	5	5	0	0	0
5275	5276	12	A9	0	40	0
5277	33	A9	0
5278	5279	12	B3	0	40	0
5280	33	B3	0
5281	34	49	0	0	0	0
5282	37	49	1	1
5283	5284	12	50	0	8.5	6.5
5285	34	50	0	0	0	0
5286	35	50	0	1	5
5287	33	50	0
5288	37	50	1	1
5289	50	M2	1
5290	33	M2	0
5291	37	M2	1	1
5292	39	M2	0	0
5293	5294	69	M2	961	1
5295	33	M2	0
5296	36	M2	0	0	0	0	0	0	0	0	1	0
5297	34	M2	0	0	0	0
5298	50	M3	1
5299	33	M3	0
5300	37	M3	1	1
5301	39	M3	0	0
5302	5303	69	M3	965	1
5304	33	M3	0
5305	36	M3	0	0	0	0	0	0	0	0	1	0
5306	34	M3	0	0	0	0
5307	50	M4	1
5308	33	M4	0
5309	37	M4	1	1
5310	39	M4	0	0
5311	5312	69	M4	969	1
5313	33	M4	0
5314	36	M4	0	0	0	0	0	0	0	0	1	0
5315	34	M4	0	0	0	0
5316	50	M5	0
5317	33	M5	0
5318	37	M5	1	1
5319	39	M5	0	0
5320	5321	69	M5	973	1
5322	33	M5	0
5323	36	M5	0	0	0	0	0	0	0	0	1	0
5324	34	M5	0	0	0	0
5325	5326	12	95	0	3500	0
5327	6	D1	0	330	0
5328	6	D1	0	330	0
5329	6	A6	0	100	0
5330	6	B8	0	100	0
5331	6	N7	0	100	0
5332	6	N9	0	100	0
5333	6	O2	0	100	0
5334	6	74	0	120	0
5335	6	77	0	120	0
5336	6	82	0	100	0
5337	6	83	0	100	0
5338	6	91	0	100	0
5339	6	S4	0	100	0
5340	59	Z2	0	0	0
5341	5342	12	Z2	5	900	0
5343	33	Z2	0
5344	19	92	5	5	5	1	1	1	1	0	105	-5	0	0
5345	9	92	5	5	0	0	0
5346	40	B5	0	0	0	0
9000	9004	82	00	1	0.125	0	10	0	10	1	60	2	1	1	60	1	9.20001e+018	0
9005	9010	132	Z4	0	2	1	0	0	0	0	0	0	0	0	0	0	0	0	0	0	0	0	0
9011	9016	132	Z4	0	2	1	0	0	0	0	0	0	0	0	0	0	0	0	0	0	0	0	0
9017	9022	132	Z4	0	2	1	0	0	0	0	0	0	0	0	0	0	0	0	0	0	0	0	0
9023	9028	132	Z4	47	2	1	0	0	0	0	0	0	0	0	0	0	0	0	0	0	0	0	0
9029	9034	132	Z4	47	2	1	0	0	0	0	0	0	0	0	0	0	0	0	0	0	0	0	0
9035	9040	132	Z4	47	2	1	0	0	0	0	0	0	0	0	0	0	0	0	0	0	0	0	0
9041	9048	149	Z4	48	2	1	2	2	2	2	2	2	2	2	2	2	2	2	2	2	0	0	0	0	0	0	0	0	0	0	0	0	0	0
9050	9057	149	Z4	48	2	1	2	2	2	2	2	2	2	2	2	2	2	2	2	2	0	0	0	0	0	0	0	0	0	0	0	0	0	0
