====================================================================================================
FILE        30705C8A.CAD
PATH        Raw Data from Controller\CAD\project\L3\P7\M5\30705C8A.CAD
SIZE        2564 bytes
====================================================================================================

--- FIRST 256 BYTES ---
     0  02 00 00 00 00 00 00 00 00 00 59 04 00 00 00 00  |..........Y.....|
    16  00 00 00 00 00 00 00 00 00 01 00 00 00 00 00 00  |................|
    32  00 00 00 00 00 00 00 00 00 00 00 00 00 00 00 00  |................|
    48  00 00 00 00 00 00 00 00 00 00 00 00 00 00 00 00  |................|
    64  00 00 00 00 00 00 00 00 00 00 00 00 00 00 00 00  |................|
    80  00 00 00 00 00 00 00 00 00 00 00 00 00 00 00 00  |................|
    96  00 00 00 00 00 00 00 00 00 00 00 00 00 00 00 00  |................|
   112  00 00 00 00 00 00 00 00 00 00 14 00 FB FF 04 00  |................|
   128  04 00 00 00 00 00 00 00 00 00 08 01 30 00 20 00  |............0. .|
   144  37 31 30 37 6C 69 62 31 00 00 00 00 00 00 00 00  |7107lib1........|
   160  00 00 D0 CA 0B E6 30 4D 00 00 00 00 00 00 00 00  |......0M........|
   176  00 00 00 00 00 00 00 00 00 00 00 00 00 00 00 00  |................|
   192  00 00 00 00 00 00 00 00 00 00 00 00 00 00 00 00  |................|
   208  00 00 00 00 00 00 00 00 00 00 00 00 00 00 00 00  |................|
   224  00 00 00 00 00 00 00 00 00 00 00 00 00 00 00 00  |................|
   240  00 00 00 00 00 00 00 00 00 00 00 00 00 00 B1 DE  |................|

--- LAST 64 BYTES ---
  2500  2D 00 00 00 00 00 05 00 2F 00 2D 00 00 00 00 00  |-......./.-.....|
  2516  05 00 30 00 2D 00 00 00 00 00 05 00 31 00 2D 00  |..0.-.......1.-.|
  2532  00 00 00 00 42 43 43 6F C5 41 54 52 C5 4C 49 53  |....BCCo.ATR.LIS|
  2548  54 00 45 4E 44 C5 43 41 44 C5 46 49 4C 45 00 42  |T.END.CAD.FILE.B|

--- STRING TABLE (76 runs, minLen=2) ---
  offset  len  before(6B)               after(6B)                text
     144    8  08 01 30 00 20 00        00 00 00 00 00 00        "7107lib1"
     166    2  00 00 D0 CA 0B E6        00 00 00 00 00 00        "0M"
     270    8  CA 03 FA 12 53 0C        DC 05 E8 03 00 00        "DBORDH  "
     320    8  3C 05 45 11 3B 0C        DC 05 14 05 00 00        "LINE    "
     370    8  DC 0A AD 08 05 0B        D0 07 F0 0A 00 00        "IREF    "
     386   17  F0 0A 00 00 01 00        00 00 00 00 00 00        "DI1-31B/322PSL155"
     416   10  00 00 00 00 00 00        00 00 00 00 09 00        "BA31-06.22"
     444    8  C3 0A 71 08 6E 0B        D0 07 54 0B 00 00        "RDI01B1 "
     498   12  4F 0B 14 00 00 00        09 00 19 00 01 00        "062-05/06-B1"
     524    9  E8 0A 4D 08 3B 0B        08 54 0B 00 00 01        "DI1SYS  4"
     590    9  C8 0A C1 0F 18 0B        0F F0 0A 00 00 01        "DO/L    <"
     630    2  10 04 28 00 00 00        05 00 19 00 01 00        "P "
     650   32  B0 04 1E 00 00 00        05 00 10 00 01 00        "DEBARKER #1 DRIVE GEAR LUB PRESS"
     700   14  CE 04 1E 00 00 00        05 00 0A 00 01 00        "NO. 2 WOODYARD"
     732    2  10 04 28 00 00 00        05 00 0C 00 01 00        "B "
     752    6  10 04 28 00 00 00        05 00 0C 00 01 00        "92165 "
     776    6  38 04 14 00 00 00        05 00 0A 00 01 00        "920327"
     800    2  10 04 28 00 00 00        05 00 10 00 01 00        "L "
     820   14  EC 04 14 00 00 00        05 00 0D 00 01 00        "MILL EXPANSION"
     852    8  38 04 14 00 00 00        05 00 0E 00 01 00        "C216560 "
     878   10  24 0B 1E 00 00 00        08 00 25 00 01 00        "322PAL-155"
     902    8  4C 09 AD 08 75 09        D0 07 60 09 00 00        "IREF    "
     918   17  60 09 00 00 01 00        00 00 00 00 00 00        "DI2-31B/322PSL156"
     948   10  00 00 00 00 00 00        00 00 00 00 05 00        "BA31-07.22"
     980   12  BF 09 14 00 00 00        09 00 19 00 01 00        "062-05/06-B1"
    1006    9  58 09 4D 08 AB 09        08 C4 09 00 00 01        "DI1SYS  4"
    1072    9  38 09 C1 0F 88 09        0F 60 09 00 00 01        "DO/L    <"
    1108    8  BC 07 AD 08 E5 07        D0 07 D0 07 00 00        "IREF    "
    1124   17  D0 07 00 00 01 00        00 00 00 00 00 00        "DI3-31B/322LSL157"
    1154   10  00 00 00 00 00 00        00 00 00 00 05 00        "BA31-08.22"
    1186   12  48 08 14 00 00 00        09 00 19 00 01 00        "062-05/06-B1"
    1212    9  C8 07 4D 08 1B 08        08 34 08 00 00 01        "DI1SYS  4"
    1262    9  A8 07 C1 0F F8 07        0F D0 07 00 00 01        "DO/L    <"
    1298    8  2C 06 AD 08 55 06        D0 07 40 06 00 00        "IREF    "
    1314   17  40 06 00 00 01 00        00 00 00 00 00 00        "DI7-31B/322LSL158"
    1344   10  00 00 00 00 00 00        00 00 00 00 05 00        "BA31-12.22"
    1376   12  B8 06 14 00 00 00        09 00 19 00 01 00        "062-05/06-B1"
    1402    9  38 06 4D 08 8B 06        08 A4 06 00 00 01        "DI1SYS  4"
    1468    9  18 06 C1 0F 68 06        0F 40 06 00 00 01        "DO/L    <"
    1508   10  BA 09 1E 00 00 00        05 00 0E 00 01 00        "322PAL-156"
    1536   10  2A 08 1E 00 00 00        05 00 0E 00 01 00        "322LAL-157"
    1564   10  9F 06 1E 00 00 00        01 00 08 00 01 00        "322LAL-158"
    1608    4  33 09 14 00 00 00        05 00 0B 00 01 00        "1571"
    1630    4  BC 07 14 00 00 00        09 00 19 00 01 00        "1572"
    1648    8  33 09 71 08 DE 09        D0 07 C4 09 00 00        "RDI01B2 "
    1698    8  A3 07 71 08 4E 08        D0 07 34 08 00 00        "RDI01B3 "
    1752    4  C3 0A 14 00 00 00        05 00 11 00 01 00        "1570"
    1774   16  D7 0A 14 00 00 00        05 00 11 00 01 00        "USE = 322-150.0 "
    1808   16  47 09 14 00 00 00        01 00 08 00 02 00        "USE = 322-152.0 "
    1890   32  70 0A 1E 00 00 00        05 00 19 00 01 00        "DEBARKER #1 DRIVE GEAR LUB PRESS"
    1940   32  E0 08 1E 00 00 00        05 00 18 00 01 00        "DEBARKER #2 DRIVE GEAR LUB PRESS"
    1990   30  76 07 1E 00 00 00        05 00 18 00 01 00        "DEBARKER #1 DRIVE GREASE LEVEL"
    2038   30  82 05 1E 00 00 00        05 00 14 00 01 00        "DEBARKER #2 DRIVE GREASE LEVEL"
    2086   22  06 04 1E 00 00 00        09 00 19 00 01 00        "322-155,156,157,158.0 "
    2122    8  13 06 71 08 BE 06        D0 07 A4 06 00 00        "RDI01B7 "
    2176    4  2C 06 14 00 00 00        05 00 0F 00 01 00        "1576"
    2198   12  AA 0A 14 00 00 00        05 00 0F 00 01 00        "3-07-05-31.0"
    2228   12  1A 09 14 00 00 00        05 00 0F 00 01 00        "3-07-05-31.0"
    2258   12  A3 07 14 00 00 00        05 00 0F 00 01 00        "3-07-05-31.0"
    2288   12  13 06 14 00 00 00        05 00 0D 00 01 00        "3-07-05-31.0"
    2318    8  38 04 14 00 00 00        05 00 0E 00 01 00        "30705C8 "
    2344   10  38 04 14 00 00 00        05 00 0A 00 01 00        "MARC/2005 "
    2372    2  74 04 14 00 00 00        05 00 0A 00 01 00        "RP"
    2392    2  10 04 28 00 00 00        05 00 0A 00 01 00        "A "
    2412    2  4C 04 14 00 00 00        05 00 0E 00 01 00        "A "
    2432   10  4C 04 14 00 00 00        05 00 0A 00 01 00        "MARC/2005 "
    2460    2  4C 04 14 00 00 00        05 00 0A 00 01 00        "RP"
    2480    6  4C 04 14 00 00 00        C5 53 50 43 C5 4C        "RPBCCo"
    2487    3  50 42 43 43 6F C5        C5 4C 49 53 54 00        "SPC"
    2491    4  6F C5 53 50 43 C5        00 05 00 2E 00 2D        "LIST"
    2536    4  2D 00 00 00 00 00        C5 41 54 52 C5 4C        "BCCo"
    2541    3  00 42 43 43 6F C5        C5 4C 49 53 54 00        "ATR"
    2545    4  6F C5 41 54 52 C5        00 45 4E 44 C5 43        "LIST"
    2550    3  C5 4C 49 53 54 00        C5 43 41 44 C5 46        "END"
    2554    3  54 00 45 4E 44 C5        C5 46 49 4C 45 00        "CAD"
    2558    4  44 C5 43 41 44 C5        00 42                    "FILE"

--- TOP 24 BYTE VALUES ---
  0x00      count=915
  0x01      count=103
  0x20 ' '  count=94
  0x08      count=62
  0x31 '1'  count=55
  0x05      count=53
  0x07      count=51
  0x30 '0'  count=51
  0x32 '2'  count=48
  0x45 'E'  count=42
  0x0F      count=40
  0x2D '-'  count=39
  0x52 'R'  count=39
  0x09      count=36
  0x44 'D'  count=36
  0x4C 'L'  count=36
  0x35 '5'  count=34
  0x04      count=33
  0x33 '3'  count=33
  0x14      count=32
  0x42 'B'  count=29
  0x0A      count=27
  0x49 'I'  count=27
  0x53 'S'  count=27

--- REPEATED 2-BYTE PATTERNS (top 15) ---
  00 00          x 603  @ 1,2,3,4,5,6,7,8,12,13,14,15
  01 00          x  92  @ 25,260,285,310,335,360,384,434,459,484,514,539
  00 01          x  88  @ 24,259,283,309,333,359,383,433,457,483,513,537
  05 00          x  45  @ 331,480,612,632,682,714,734,758,782,802,834,860
  20 20          x  32  @ 276,324,325,326,374,375,376,530,594,595,596,906
  14 00          x  26  @ 122,494,772,816,848,976,1182,1372,1604,1626,1748,1770
  31 35          x  18  @ 400,885,932,1138,1328,1515,1543,1571,1608,1630,1752,1784
  D0 07          x  16  @ 362,378,452,894,910,1100,1116,1118,1272,1290,1306,1584
  32 32          x  15  @ 395,424,879,927,956,1133,1162,1323,1352,1509,1537,1565
  2D 30          x  15  @ 420,501,952,983,1158,1189,1379,2199,2202,2229,2232,2259
  09 00          x  14  @ 256,306,430,510,913,992,1017,1083,1198,1388,1634,1659
  00 0F          x  14  @ 481,581,865,963,1063,1169,1253,1359,1459,1523,2181,2211
  00 19          x  13  @ 257,307,431,511,633,993,1199,1389,1635,1685,1873,1923
  19 00          x  13  @ 258,308,432,512,634,994,1200,1390,1636,1686,1874,1924
  08 00          x  13  @ 356,562,888,1044,1094,1223,1284,1440,1576,1709,1826,1842

--- REPEATED 3-BYTE PATTERNS (top 15) ---
  00 00 00       x 510  @ 1,2,3,4,5,6,7,12,13,14,15,16
  00 01 00       x  78  @ 24,259,309,359,383,433,483,513,559,563,565,579
  14 00 00       x  24  @ 494,772,816,848,976,1182,1372,1604,1626,1748,1770,1804
  00 00 01       x  22  @ 23,282,332,382,456,536,558,602,914,1018,1040,1084
  20 20 20       x  18  @ 324,325,374,375,594,595,906,907,1076,1077,1112,1113
  00 19 00       x  13  @ 257,307,431,511,633,993,1199,1389,1635,1685,1873,1923
  19 00 01       x  13  @ 258,308,432,512,634,994,1200,1390,1636,1686,1874,1924
  00 05 00       x  12  @ 479,611,961,1167,1357,1489,1733,2157,2495,2505,2515,2525
  01 00 00       x  11  @ 25,285,335,459,539,1021,1227,1417,1663,1713,2137
  33 32 32       x  11  @ 394,878,926,1132,1322,1508,1536,1564,1780,1814,2086
  00 00 05       x  11  @ 478,610,960,1166,1356,1488,1732,2156,2504,2514,2524
  20 05 00       x  11  @ 631,733,757,801,859,1789,2325,2353,2393,2413,2441
  1E 00 00       x  11  @ 646,696,874,1504,1532,1560,1886,1936,1986,2034,2082
  09 00 19       x  10  @ 256,306,430,510,992,1198,1388,1634,1684,2108
  00 01 01       x  10  @ 283,333,457,537,1019,1225,1415,1661,1711,2135

--- REPEATED 4-BYTE PATTERNS (top 15) ---
  00 00 00 00    x 435  @ 1,2,3,4,5,6,12,13,14,15,16,17
  14 00 00 00    x  24  @ 494,772,816,848,976,1182,1372,1604,1626,1748,1770,1804
  00 19 00 01    x  13  @ 257,307,431,511,633,993,1199,1389,1635,1685,1873,1923
  19 00 01 00    x  13  @ 258,308,432,512,634,994,1200,1390,1636,1686,1874,1924
  00 00 01 00    x  12  @ 23,382,558,602,914,1040,1084,1120,1274,1310,1436,1480
  01 00 00 00    x  11  @ 25,285,335,459,539,1021,1227,1417,1663,1713,2137
  00 00 00 05    x  11  @ 477,609,959,1165,1355,1487,1731,2155,2503,2513,2523
  00 00 05 00    x  11  @ 478,610,960,1166,1356,1488,1732,2156,2504,2514,2524
  1E 00 00 00    x  11  @ 646,696,874,1504,1532,1560,1886,1936,1986,2034,2082
  09 00 19 00    x  10  @ 256,306,430,510,992,1198,1388,1634,1684,2108
  00 00 01 01    x  10  @ 282,332,456,536,1018,1224,1414,1660,1710,2134
  00 01 01 00    x  10  @ 283,333,457,537,1019,1225,1415,1661,1711,2135
  01 01 00 00    x  10  @ 284,334,458,538,1020,1226,1416,1662,1712,2136
  04 14 00 00    x  10  @ 771,815,847,2313,2339,2367,2407,2427,2455,2475
  00 00 00 33    x  10  @ 875,1505,1533,1561,2083,2195,2225,2255,2285,2315

--- FULL HEX DUMP ---
     0  02 00 00 00 00 00 00 00 00 00 59 04 00 00 00 00  |..........Y.....|
    16  00 00 00 00 00 00 00 00 00 01 00 00 00 00 00 00  |................|
    32  00 00 00 00 00 00 00 00 00 00 00 00 00 00 00 00  |................|
    48  00 00 00 00 00 00 00 00 00 00 00 00 00 00 00 00  |................|
    64  00 00 00 00 00 00 00 00 00 00 00 00 00 00 00 00  |................|
    80  00 00 00 00 00 00 00 00 00 00 00 00 00 00 00 00  |................|
    96  00 00 00 00 00 00 00 00 00 00 00 00 00 00 00 00  |................|
   112  00 00 00 00 00 00 00 00 00 00 14 00 FB FF 04 00  |................|
   128  04 00 00 00 00 00 00 00 00 00 08 01 30 00 20 00  |............0. .|
   144  37 31 30 37 6C 69 62 31 00 00 00 00 00 00 00 00  |7107lib1........|
   160  00 00 D0 CA 0B E6 30 4D 00 00 00 00 00 00 00 00  |......0M........|
   176  00 00 00 00 00 00 00 00 00 00 00 00 00 00 00 00  |................|
   192  00 00 00 00 00 00 00 00 00 00 00 00 00 00 00 00  |................|
   208  00 00 00 00 00 00 00 00 00 00 00 00 00 00 00 00  |................|
   224  00 00 00 00 00 00 00 00 00 00 00 00 00 00 00 00  |................|
   240  00 00 00 00 00 00 00 00 00 00 00 00 00 00 B1 DE  |................|
   256  09 00 19 00 01 00 BA 05 CA 03 FA 12 53 0C 44 42  |............S.DB|
   272  4F 52 44 48 20 20 DC 05 E8 03 00 00 01 01 00 00  |ORDH  ..........|
   288  00 00 00 00 00 00 00 00 00 00 00 00 00 00 00 00  |................|
   304  00 00 09 00 19 00 01 00 94 07 3C 05 45 11 3B 0C  |..........<.E.;.|
   320  4C 49 4E 45 20 20 20 20 DC 05 14 05 00 00 01 01  |LINE    ........|
   336  00 00 00 00 00 00 00 00 00 00 00 00 00 00 00 00  |................|
   352  00 00 00 00 08 00 25 00 01 00 D0 07 DC 0A AD 08  |......%.........|
   368  05 0B 49 52 45 46 20 20 20 20 D0 07 F0 0A 00 00  |..IREF    ......|
   384  01 00 44 49 31 2D 33 31 42 2F 33 32 32 50 53 4C  |..DI1-31B/322PSL|
   400  31 35 35 00 00 00 00 00 00 00 00 00 00 00 00 00  |155.............|
   416  42 41 33 31 2D 30 36 2E 32 32 00 00 00 00 09 00  |BA31-06.22......|
   432  19 00 01 00 94 07 C3 0A 71 08 6E 0B 52 44 49 30  |........q.n.RDI0|
   448  31 42 31 20 D0 07 54 0B 00 00 01 01 00 00 00 00  |1B1 ..T.........|
   464  00 00 00 00 00 00 00 00 00 00 00 00 00 00 00 00  |................|
   480  05 00 0F 00 01 00 E4 07 54 0B 75 08 4F 0B 14 00  |........T.u.O...|
   496  00 00 30 36 32 2D 30 35 2F 30 36 2D 42 31 09 00  |..062-05/06-B1..|
   512  19 00 01 00 BB 07 E8 0A 4D 08 3B 0B 44 49 31 53  |........M.;.DI1S|
   528  59 53 20 20 34 08 54 0B 00 00 01 01 00 00 00 00  |YS  4.T.........|
   544  00 00 00 00 00 00 00 00 00 00 00 00 00 00 00 00  |................|
   560  01 00 08 00 01 00 01 00 14 0F F0 0A AC 08 F0 0A  |................|
   576  06 00 12 00 01 00 0F 0F C8 0A C1 0F 18 0B 44 4F  |..............DO|
   592  2F 4C 20 20 20 20 3C 0F F0 0A 00 00 01 00 2E 00  |/L    <.........|
   608  00 00 00 00 05 00 0A 00 01 00 7C 10 E8 03 AB 10  |..........|.....|
   624  10 04 28 00 00 00 50 20 05 00 19 00 01 00 7C 10  |..(...P ......|.|
   640  92 04 BB 12 B0 04 1E 00 00 00 44 45 42 41 52 4B  |..........DEBARK|
   656  45 52 20 23 31 20 44 52 49 56 45 20 47 45 41 52  |ER #1 DRIVE GEAR|
   672  20 4C 55 42 20 50 52 45 53 53 05 00 10 00 01 00  | LUB PRESS......|
   688  7C 10 B0 04 77 11 CE 04 1E 00 00 00 4E 4F 2E 20  ||...w.......NO. |
   704  32 20 57 4F 4F 44 59 41 52 44 05 00 0A 00 01 00  |2 WOODYARD......|
   720  A4 10 E8 03 D3 10 10 04 28 00 00 00 42 20 05 00  |........(...B ..|
   736  0C 00 01 00 CC 10 E8 03 5B 11 10 04 28 00 00 00  |........[...(...|
   752  39 32 31 36 35 20 05 00 0C 00 01 00 F4 10 24 04  |92165 ........$.|
   768  3B 11 38 04 14 00 00 00 39 32 30 33 32 37 05 00  |;.8.....920327..|
   784  0A 00 01 00 44 11 E8 03 73 11 10 04 28 00 00 00  |....D...s...(...|
   800  4C 20 05 00 10 00 01 00 6C 11 D8 04 13 12 EC 04  |L ......l.......|
   816  14 00 00 00 4D 49 4C 4C 20 45 58 50 41 4E 53 49  |....MILL EXPANSI|
   832  4F 4E 05 00 0D 00 01 00 80 11 24 04 DF 11 38 04  |ON........$...8.|
   848  14 00 00 00 43 32 31 36 35 36 30 20 05 00 0E 00  |....C216560 ....|
   864  01 00 0F 0F 2C 0B C2 0F 24 0B 1E 00 00 00 33 32  |....,...$.....32|
   880  32 50 41 4C 2D 31 35 35 08 00 25 00 01 00 D0 07  |2PAL-155..%.....|
   896  4C 09 AD 08 75 09 49 52 45 46 20 20 20 20 D0 07  |L...u.IREF    ..|
   912  60 09 00 00 01 00 44 49 32 2D 33 31 42 2F 33 32  |`.....DI2-31B/32|
   928  32 50 53 4C 31 35 36 00 00 00 00 00 00 00 00 00  |2PSL156.........|
   944  00 00 00 00 42 41 33 31 2D 30 37 2E 32 32 00 00  |....BA31-07.22..|
   960  00 00 05 00 0F 00 01 00 E4 07 C4 09 75 08 BF 09  |............u...|
   976  14 00 00 00 30 36 32 2D 30 35 2F 30 36 2D 42 31  |....062-05/06-B1|
   992  09 00 19 00 01 00 BB 07 58 09 4D 08 AB 09 44 49  |........X.M...DI|
  1008  31 53 59 53 20 20 34 08 C4 09 00 00 01 01 00 00  |1SYS  4.........|
  1024  00 00 00 00 00 00 00 00 00 00 00 00 00 00 00 00  |................|
  1040  00 00 01 00 08 00 01 00 01 00 14 0F 60 09 AC 08  |............`...|
  1056  60 09 06 00 12 00 01 00 0F 0F 38 09 C1 0F 88 09  |`.........8.....|
  1072  44 4F 2F 4C 20 20 20 20 3C 0F 60 09 00 00 01 00  |DO/L    <.`.....|
  1088  2F 00 00 00 00 00 08 00 25 00 01 00 D0 07 BC 07  |/.......%.......|
  1104  AD 08 E5 07 49 52 45 46 20 20 20 20 D0 07 D0 07  |....IREF    ....|
  1120  00 00 01 00 44 49 33 2D 33 31 42 2F 33 32 32 4C  |....DI3-31B/322L|
  1136  53 4C 31 35 37 00 00 00 00 00 00 00 00 00 00 00  |SL157...........|
  1152  00 00 42 41 33 31 2D 30 38 2E 32 32 00 00 00 00  |..BA31-08.22....|
  1168  05 00 0F 00 01 00 E4 07 34 08 73 08 48 08 14 00  |........4.s.H...|
  1184  00 00 30 36 32 2D 30 35 2F 30 36 2D 42 31 09 00  |..062-05/06-B1..|
  1200  19 00 01 00 BB 07 C8 07 4D 08 1B 08 44 49 31 53  |........M...DI1S|
  1216  59 53 20 20 34 08 34 08 00 00 01 01 00 00 00 00  |YS  4.4.........|
  1232  00 00 00 00 00 00 00 00 00 00 00 00 00 00 00 00  |................|
  1248  06 00 12 00 01 00 0F 0F A8 07 C1 0F F8 07 44 4F  |..............DO|
  1264  2F 4C 20 20 20 20 3C 0F D0 07 00 00 01 00 30 00  |/L    <.......0.|
  1280  00 00 00 00 08 00 25 00 01 00 D0 07 2C 06 AD 08  |......%.....,...|
  1296  55 06 49 52 45 46 20 20 20 20 D0 07 40 06 00 00  |U.IREF    ..@...|
  1312  01 00 44 49 37 2D 33 31 42 2F 33 32 32 4C 53 4C  |..DI7-31B/322LSL|
  1328  31 35 38 00 00 00 00 00 00 00 00 00 00 00 00 00  |158.............|
  1344  42 41 33 31 2D 31 32 2E 32 32 00 00 00 00 05 00  |BA31-12.22......|
  1360  0F 00 01 00 E4 07 A4 06 73 08 B8 06 14 00 00 00  |........s.......|
  1376  30 36 32 2D 30 35 2F 30 36 2D 42 31 09 00 19 00  |062-05/06-B1....|
  1392  01 00 BB 07 38 06 4D 08 8B 06 44 49 31 53 59 53  |....8.M...DI1SYS|
  1408  20 20 34 08 A4 06 00 00 01 01 00 00 00 00 00 00  |  4.............|
  1424  00 00 00 00 00 00 00 00 00 00 00 00 00 00 01 00  |................|
  1440  08 00 01 00 01 00 14 0F 40 06 AC 08 40 06 06 00  |........@...@...|
  1456  12 00 01 00 0F 0F 18 06 C1 0F 68 06 44 4F 2F 4C  |..........h.DO/L|
  1472  20 20 20 20 3C 0F 40 06 00 00 01 00 31 00 00 00  |    <.@.....1...|
  1488  00 00 05 00 0E 00 01 00 0A 0F 9C 09 BD 0F BA 09  |................|
  1504  1E 00 00 00 33 32 32 50 41 4C 2D 31 35 36 05 00  |....322PAL-156..|
  1520  0E 00 01 00 0F 0F 0C 08 C2 0F 2A 08 1E 00 00 00  |..........*.....|
  1536  33 32 32 4C 41 4C 2D 31 35 37 05 00 0E 00 01 00  |322LAL-157......|
  1552  14 0F 81 06 C7 0F 9F 06 1E 00 00 00 33 32 32 4C  |............322L|
  1568  41 4C 2D 31 35 38 01 00 08 00 01 00 01 00 14 0F  |AL-158..........|
  1584  D0 07 AC 08 D0 07 05 00 0B 00 01 00 34 08 38 09  |............4.8.|
  1600  64 08 33 09 14 00 00 00 31 35 37 31 05 00 0B 00  |d.3.....1571....|
  1616  01 00 34 08 A8 07 63 08 BC 07 14 00 00 00 31 35  |..4...c.......15|
  1632  37 32 09 00 19 00 01 00 94 07 33 09 71 08 DE 09  |72........3.q...|
  1648  52 44 49 30 31 42 32 20 D0 07 C4 09 00 00 01 01  |RDI01B2 ........|
  1664  00 00 00 00 00 00 00 00 00 00 00 00 00 00 00 00  |................|
  1680  00 00 00 00 09 00 19 00 01 00 94 07 A3 07 71 08  |..............q.|
  1696  4E 08 52 44 49 30 31 42 33 20 D0 07 34 08 00 00  |N.RDI01B3 ..4...|
  1712  01 01 00 00 00 00 00 00 00 00 00 00 00 00 00 00  |................|
  1728  00 00 00 00 00 00 05 00 0B 00 01 00 34 08 C8 0A  |............4...|
  1744  64 08 C3 0A 14 00 00 00 31 35 37 30 05 00 11 00  |d.......1570....|
  1760  01 00 84 08 DC 0A 45 09 D7 0A 14 00 00 00 55 53  |......E.......US|
  1776  45 20 3D 20 33 32 32 2D 31 35 30 2E 30 20 05 00  |E = 322-150.0 ..|
  1792  11 00 01 00 84 08 4C 09 45 09 47 09 14 00 00 00  |......L.E.G.....|
  1808  55 53 45 20 3D 20 33 32 32 2D 31 35 32 2E 30 20  |USE = 322-152.0 |
  1824  01 00 08 00 02 00 00 00 94 07 50 0A 44 11 50 0A  |..........P.D.P.|
  1840  01 00 08 00 02 00 00 00 94 07 C0 08 44 11 C0 08  |............D...|
  1856  01 00 08 00 02 00 00 00 94 07 30 07 44 11 30 07  |..........0.D.0.|
  1872  05 00 19 00 01 00 54 0B 78 0A 93 0D 70 0A 1E 00  |......T.x...p...|
  1888  00 00 44 45 42 41 52 4B 45 52 20 23 31 20 44 52  |..DEBARKER #1 DR|
  1904  49 56 45 20 47 45 41 52 20 4C 55 42 20 50 52 45  |IVE GEAR LUB PRE|
  1920  53 53 05 00 19 00 01 00 54 0B E8 08 93 0D E0 08  |SS......T.......|
  1936  1E 00 00 00 44 45 42 41 52 4B 45 52 20 23 32 20  |....DEBARKER #2 |
  1952  44 52 49 56 45 20 47 45 41 52 20 4C 55 42 20 50  |DRIVE GEAR LUB P|
  1968  52 45 53 53 05 00 18 00 01 00 54 0B 58 07 6F 0D  |RESS......T.X.o.|
  1984  76 07 1E 00 00 00 44 45 42 41 52 4B 45 52 20 23  |v.....DEBARKER #|
  2000  31 20 44 52 49 56 45 20 47 52 45 41 53 45 20 4C  |1 DRIVE GREASE L|
  2016  45 56 45 4C 05 00 18 00 01 00 54 0B 64 05 6F 0D  |EVEL......T.d.o.|
  2032  82 05 1E 00 00 00 44 45 42 41 52 4B 45 52 20 23  |......DEBARKER #|
  2048  32 20 44 52 49 56 45 20 47 52 45 41 53 45 20 4C  |2 DRIVE GREASE L|
  2064  45 56 45 4C 05 00 14 00 01 00 62 11 E8 03 ED 12  |EVEL......b.....|
  2080  06 04 1E 00 00 00 33 32 32 2D 31 35 35 2C 31 35  |......322-155,15|
  2096  36 2C 31 35 37 2C 31 35 38 2E 30 20 09 00 19 00  |6,157,158.0 ....|
  2112  01 00 94 07 13 06 71 08 BE 06 52 44 49 30 31 42  |......q...RDI01B|
  2128  37 20 D0 07 A4 06 00 00 01 01 00 00 00 00 00 00  |7 ..............|
  2144  00 00 00 00 00 00 00 00 00 00 00 00 00 00 05 00  |................|
  2160  0B 00 01 00 34 08 18 06 63 08 2C 06 14 00 00 00  |....4...c.,.....|
  2176  31 35 37 36 05 00 0F 00 01 00 DA 07 AF 0A 6B 08  |1576..........k.|
  2192  AA 0A 14 00 00 00 33 2D 30 37 2D 30 35 2D 33 31  |......3-07-05-31|
  2208  2E 30 05 00 0F 00 01 00 DA 07 1F 09 6B 08 1A 09  |.0..........k...|
  2224  14 00 00 00 33 2D 30 37 2D 30 35 2D 33 31 2E 30  |....3-07-05-31.0|
  2240  05 00 0F 00 01 00 DA 07 8F 07 69 08 A3 07 14 00  |..........i.....|
  2256  00 00 33 2D 30 37 2D 30 35 2D 33 31 2E 30 05 00  |..3-07-05-31.0..|
  2272  0F 00 01 00 DA 07 FF 05 69 08 13 06 14 00 00 00  |........i.......|
  2288  33 2D 30 37 2D 30 35 2D 33 31 2E 30 05 00 0D 00  |3-07-05-31.0....|
  2304  01 00 7C 10 24 04 DB 10 38 04 14 00 00 00 33 30  |..|.$...8.....30|
  2320  37 30 35 43 38 20 05 00 0E 00 01 00 F8 11 24 04  |705C8 ........$.|
  2336  6F 12 38 04 14 00 00 00 4D 41 52 43 2F 32 30 30  |o.8.....MARC/200|
  2352  35 20 05 00 0A 00 01 00 98 12 60 04 AF 12 74 04  |5 ........`...t.|
  2368  14 00 00 00 52 50 05 00 0A 00 01 00 D4 12 E8 03  |....RP..........|
  2384  03 13 10 04 28 00 00 00 41 20 05 00 0A 00 01 00  |....(...A ......|
  2400  B0 0E 38 04 C7 0E 4C 04 14 00 00 00 41 20 05 00  |..8...L.....A ..|
  2416  0E 00 01 00 D8 0E 38 04 4F 0F 4C 04 14 00 00 00  |......8.O.L.....|
  2432  4D 41 52 43 2F 32 30 30 35 20 05 00 0A 00 01 00  |MARC/2005 ......|
  2448  F0 0F 38 04 07 10 4C 04 14 00 00 00 52 50 05 00  |..8...L.....RP..|
  2464  0A 00 01 00 18 10 38 04 2F 10 4C 04 14 00 00 00  |......8./.L.....|
  2480  52 50 42 43 43 6F C5 53 50 43 C5 4C 49 53 54 00  |RPBCCo.SPC.LIST.|
  2496  05 00 2E 00 2D 00 00 00 00 00 05 00 2F 00 2D 00  |....-......./.-.|
  2512  00 00 00 00 05 00 30 00 2D 00 00 00 00 00 05 00  |......0.-.......|
  2528  31 00 2D 00 00 00 00 00 42 43 43 6F C5 41 54 52  |1.-.....BCCo.ATR|
  2544  C5 4C 49 53 54 00 45 4E 44 C5 43 41 44 C5 46 49  |.LIST.END.CAD.FI|
  2560  4C 45 00 42                                      |LE.B|