====================================================================================================
FILE        30705D2A.CAD
PATH        Raw Data from Controller\CAD\project\L3\P7\M5\30705D2A.CAD
SIZE        2866 bytes
====================================================================================================

--- FIRST 256 BYTES ---
     0  02 00 00 00 00 00 00 00 00 00 F2 04 00 00 00 00  |................|
    16  00 00 00 00 00 00 00 00 00 01 00 00 00 00 00 00  |................|
    32  00 00 00 00 00 00 00 00 00 00 00 00 00 00 00 00  |................|
    48  00 00 00 00 00 00 00 00 00 00 00 00 00 00 00 00  |................|
    64  00 00 00 00 00 00 00 00 00 00 00 00 00 00 00 00  |................|
    80  00 00 00 00 00 00 00 00 00 00 00 00 00 00 00 00  |................|
    96  00 00 00 00 00 00 00 00 00 00 00 00 00 00 00 00  |................|
   112  00 00 00 00 00 00 00 00 00 00 12 00 F4 FF 02 00  |................|
   128  02 00 00 00 00 00 00 00 00 00 6C 00 26 00 08 00  |..........l.&...|
   144  37 31 30 37 6C 69 62 31 00 00 00 00 00 00 00 00  |7107lib1........|
   160  00 00 D0 CA 2E 9A 87 58 00 00 00 00 00 00 00 00  |.......X........|
   176  00 00 00 00 00 00 00 00 00 00 00 00 00 00 00 00  |................|
   192  00 00 00 00 00 00 00 00 00 00 00 00 00 00 00 00  |................|
   208  00 00 00 00 00 00 00 00 00 00 00 00 00 00 00 00  |................|
   224  00 00 00 00 00 00 00 00 00 00 00 00 00 00 00 00  |................|
   240  00 00 00 00 00 00 00 00 00 00 00 00 00 00 B1 DE  |................|

--- LAST 64 BYTES ---
  2802  05 00 8A 09 25 00 01 00 01 00 0D 00 99 09 24 00  |....%.........$.|
  2818  00 00 00 00 00 00 00 00 00 00 00 00 00 00 00 00  |................|
  2834  08 00 01 00 42 43 43 6F C5 41 54 52 C5 4C 49 53  |....BCCo.ATR.LIS|
  2850  54 00 45 4E 44 C5 43 41 44 C5 46 49 4C 45 00 42  |T.END.CAD.FILE.B|

--- STRING TABLE (87 runs, minLen=2) ---
  offset  len  before(6B)               after(6B)                text
     144    8  6C 00 26 00 08 00        00 00 00 00 00 00        "7107lib1"
     294    8  F0 0A 79 0A 40 0B        00 0A 18 0B 00 00        "B1      "
     330    8  C8 03 03 13 53 0C        DC 05 E8 03 00 00        "DBORDH  "
     380    8  3C 05 45 11 3B 0C        DC 05 14 05 00 00        "LINE    "
     430    8  90 06 AD 08 B9 06        D0 07 A4 06 00 00        "IREF    "
     446   12  A4 06 00 00 01 00        00 00 00 00 00 00        "D322XS-M203B"
     476   10  00 00 00 00 00 00        00 00 00 00 08 00        "BAN9-05.26"
     504    8  F4 06 AD 08 1D 07        D0 07 08 07 00 00        "IREF    "
     520   12  08 07 00 00 01 00        00 00 00 00 00 00        "D322XS-M203A"
     550   10  00 00 00 00 00 00        00 00 00 00 08 00        "BAN8-05.26"
     578    8  58 07 AD 08 81 07        D0 07 6C 07 00 00        "IREF    "
     594   17  6C 07 00 00 01 00        00 00 00 00 00 00        "DI7-22A/322PC201B"
     624   10  00 00 00 00 00 00        00 00 00 00 09 00        "BA22-11.14"
     652    8  3D 07 71 08 EA 07        D0 07 D0 07 00 00        "RDI01A7 "
     702    8  20 08 AD 08 49 08        D0 07 34 08 00 00        "IREF    "
     718   17  34 08 00 00 01 00        00 00 00 00 00 00        "DI6-22A/322PC201A"
     748   10  00 00 00 00 00 00        00 00 00 00 09 00        "BA22-10.14"
     776    8  05 08 71 08 B2 08        D0 07 98 08 00 00        "RDI01A6 "
     826    8  E8 08 AD 08 11 09        D0 07 FC 08 00 00        "IREF    "
     842   17  FC 08 00 00 01 00        00 00 00 00 00 00        "DI4-20B/322TSH125"
     872   10  00 00 00 00 00 00        00 00 00 00 09 00        "BA20-09.22"
     900    8  CD 08 71 08 7A 09        D0 07 60 09 00 00        "RDI01B4 "
     950    8  B0 09 AD 08 D9 09        D0 07 C4 09 00 00        "IREF    "
     966   11  C4 09 00 00 01 00        00 00 00 00 00 00        "D322PAH123D"
     996   10  00 00 00 00 00 00        00 00 00 00 08 00        "BA88-10.26"
    1024    8  14 0A AD 08 3D 0A        D0 07 28 0A 00 00        "IREF    "
    1040   11  28 0A 00 00 01 00        00 00 00 00 00 00        "D322PAH123C"
    1070   10  00 00 00 00 00 00        00 00 00 00 08 00        "BA88-07.26"
    1098    8  78 0A AD 08 A1 0A        D0 07 8C 0A 00 00        "IREF    "
    1114   17  8C 0A 00 00 01 00        00 00 00 00 00 00        "DI7-20A/322LSL122"
    1144   10  00 00 00 00 00 00        00 00 00 00 09 00        "BA20-11.14"
    1172    8  5D 0A 71 08 0A 0B        D0 07 F0 0A 00 00        "RDI01A7 "
    1226   12  9D 06 14 00 00 00        05 00 0F 00 01 00        "322-M203B.0 "
    1256   12  01 07 14 00 00 00        05 00 0F 00 01 00        "322-M203A.1 "
    1286   12  C9 07 14 00 00 00        05 00 0F 00 01 00        "062-07/08-A "
    1316   12  91 08 14 00 00 00        05 00 0F 00 01 00        "062-07/08-A "
    1346   12  59 09 14 00 00 00        05 00 0F 00 01 00        "062-03/04-A "
    1376   12  E9 0A 14 00 00 00        09 00 19 00 01 00        "062-03/04-A "
    1402    9  62 07 6D 08 B7 07        08 D0 07 00 00 01        "DI1SYS  4"
    1452    9  2A 08 6D 08 7F 08        08 98 08 00 00 01        "DI1SYS  4"
    1502    9  F2 08 6D 08 47 09        08 60 09 00 00 01        "DI1SYS  4"
    1552    9  82 0A 6D 08 D7 0A        08 F0 0A 00 00 01        "DI1SYS  4"
    1730    8  02 08 EF 0A 67 08        8C 0A 34 08 00 00        "AND2    "
    1838    8  6A 09 7F 0C 19 0A        1C 0C C4 09 00 00        "QOR     "
    1890    9  AF 09 08 11 D8 09        10 C4 09 00 00 01        "OREF    h"
    1906   40  C4 09 00 00 01 00        00 00 00 00 05 00        "                  D322SAP200-1BAD5-05.07"
    1968    2  DE 03 28 00 00 00        05 00 11 00 01 00        "P "
    1988   16  8B 04 1E 00 00 00        05 00 10 00 01 00        "BARK GROUP START"
    2022   14  A9 04 1E 00 00 00        05 00 0E 00 01 00        "NO. 2 WOODYARD"
    2054   10  BD 09 14 00 00 00        05 00 0A 00 01 00        "322-200.2 "
    2082    2  DE 03 28 00 00 00        05 00 0C 00 01 00        "B "
    2102    6  DE 03 28 00 00 00        05 00 0C 00 01 00        "92165 "
    2126    6  1D 04 14 00 00 00        05 00 0A 00 01 00        "920327"
    2150    2  DE 03 28 00 00 00        05 00 0E 00 01 00        "L "
    2170   10  DE 03 28 00 00 00        05 00 10 00 01 00        "322-200.0 "
    2198   14  D1 04 14 00 00 00        05 00 0D 00 01 00        "MILL EXPANSION"
    2230    8  1D 04 14 00 00 00        05 00 0E 00 01 00        "C216560 "
    2256   10  BD 09 14 00 00 00        05 00 0E 00 01 00        "322-123.00"
    2284   10  21 0A 14 00 00 00        05 00 0D 00 01 00        "322-123.00"
    2312    8  0D 0A 14 00 00 00        05 00 0D 00 01 00        "BLK 2908"
    2338    8  A9 09 14 00 00 00        05 00 0D 00 01 00        "BLK 2913"
    2364    8  ED 06 14 00 00 00        05 00 0D 00 01 00        "BLK 3129"
    2390    8  89 06 14 00 00 00        05 00 0F 00 01 00        "BLK 3154"
    2416   12  44 0A 14 00 00 00        05 00 0F 00 01 00        "3-07-05-20.0"
    2446   12  B4 08 14 00 00 00        05 00 0F 00 01 00        "3-07-05-20.0"
    2476   12  EC 07 14 00 00 00        05 00 0F 00 01 00        "3-07-05-22.0"
    2506   12  24 07 14 00 00 00        05 00 0D 00 01 00        "3-07-05-22.0"
    2536    8  1D 04 14 00 00 00        05 00 0B 00 01 00        "30705D2 "
    2562    4  5D 0A 14 00 00 00        05 00 0B 00 01 00        "1386"
    2584    4  CD 08 14 00 00 00        05 00 0B 00 01 00        "1393"
    2606    4  05 08 14 00 00 00        05 00 0B 00 01 00        "1425"
    2628    4  3D 07 14 00 00 00        05 00 0A 00 01 00        "1426"
    2650    2  59 04 14 00 00 00        05 00 0E 00 01 00        "RP"
    2670   10  1D 04 14 00 00 00        05 00 0A 00 01 00        "MARC/2005 "
    2698    2  DE 03 28 00 00 00        05 00 0A 00 01 00        "A "
    2718    2  31 04 14 00 00 00        05 00 0E 00 01 00        "A "
    2738   10  31 04 14 00 00 00        05 00 0A 00 01 00        "MARC/2005 "
    2766    2  31 04 14 00 00 00        05 00 0A 00 01 00        "RP"
    2786    6  31 04 14 00 00 00        C5 53 50 43 C5 4C        "RPBCCo"
    2793    3  50 42 43 43 6F C5        C5 4C 49 53 54 00        "SPC"
    2797    4  6F C5 53 50 43 C5        00 05 00 8A 09 25        "LIST"
    2838    4  00 00 08 00 01 00        C5 41 54 52 C5 4C        "BCCo"
    2843    3  00 42 43 43 6F C5        C5 4C 49 53 54 00        "ATR"
    2847    4  6F C5 41 54 52 C5        00 45 4E 44 C5 43        "LIST"
    2852    3  C5 4C 49 53 54 00        C5 43 41 44 C5 46        "END"
    2856    3  54 00 45 4E 44 C5        C5 46 49 4C 45 00        "CAD"
    2860    4  44 C5 43 41 44 C5        00 42                    "FILE"

--- TOP 24 BYTE VALUES ---
  0x00      count=1034
  0x01      count=132
  0x20 ' '  count=121
  0x08      count=103
  0x32 '2'  count=89
  0x07      count=70
  0x30 '0'  count=70
  0x09      count=51
  0x0A      count=51
  0x05      count=47
  0x31 '1'  count=43
  0x2D '-'  count=42
  0x33 '3'  count=38
  0x41 'A'  count=36
  0x14      count=34
  0x0B      count=33
  0x44 'D'  count=30
  0x49 'I'  count=27
  0x04      count=25
  0x42 'B'  count=25
  0x52 'R'  count=25
  0xD0      count=24
  0x2E '.'  count=21
  0x34 '4'  count=20

--- REPEATED 2-BYTE PATTERNS (top 15) ---
  00 00          x 679  @ 1,2,3,4,5,6,7,8,12,13,14,15
  01 00          x 121  @ 25,256,260,262,284,308,310,320,345,370,395,420
  00 01          x 113  @ 24,259,261,283,307,309,319,343,369,393,419,443
  20 20          x  64  @ 296,297,298,299,300,336,384,385,386,434,435,436
  05 00          x  41  @ 391,1208,1238,1268,1298,1328,1358,1950,1970,2004,2036,2064
  14 00          x  31  @ 1222,1252,1282,1312,1342,1372,2050,2122,2194,2226,2252,2280
  D0 07          x  23  @ 422,438,496,512,570,586,660,662,694,710,784,818
  32 32          x  23  @ 448,522,598,603,626,722,727,750,851,880,968,1042
  08 00          x  19  @ 142,416,490,564,688,713,787,812,837,936,1010,1084
  32 30          x  18  @ 454,528,607,731,846,874,1118,1146,1231,1261,1931,2058
  09 00          x  17  @ 316,366,638,762,886,911,961,1158,1388,1438,1488,1513
  2D 30          x  17  @ 480,554,876,1074,1289,1319,1349,1379,1940,2417,2420,2447
  20 05          x  17  @ 1237,1267,1297,1327,1357,1969,2063,2083,2107,2151,2179,2237
  33 32          x  16  @ 447,521,602,726,850,967,1041,1122,1226,1256,1925,2054
  00 42          x  16  @ 475,549,623,747,871,995,1069,1143,1987,2081,2311,2337

--- REPEATED 3-BYTE PATTERNS (top 15) ---
  00 00 00       x 580  @ 1,2,3,4,5,6,7,12,13,14,15,16
  00 01 00       x 103  @ 24,259,261,283,307,309,319,369,419,443,493,517
  20 20 20       x  45  @ 296,297,298,299,384,385,434,435,508,509,582,583
  14 00 00       x  31  @ 1222,1252,1282,1312,1342,1372,2050,2122,2194,2226,2252,2280
  00 00 01       x  26  @ 23,306,342,392,442,516,590,664,714,788,838,912
  20 05 00       x  17  @ 1237,1267,1297,1327,1357,1969,2063,2083,2107,2151,2179,2237
  33 32 32       x  15  @ 447,521,602,726,850,967,1041,1122,1226,1256,1925,2054
  00 00 42       x  14  @ 474,548,622,746,870,994,1068,1142,1986,2080,2310,2336
  01 00 00       x  13  @ 25,284,310,345,395,667,791,915,1187,1417,1467,1517
  00 08 00       x  13  @ 141,415,489,563,687,811,935,1009,1083,1613,1653,1861
  01 00 01       x  13  @ 260,308,1592,1616,1632,1656,1672,1696,1756,1780,1804,1864
  20 D0 07       x  12  @ 437,511,585,659,709,783,833,907,957,1031,1105,1179
  00 00 33       x  11  @ 1224,1254,2052,2168,2254,2282,2414,2444,2474,2504,2534
  00 0C 00       x  10  @ 257,1589,1629,1669,1693,1753,1777,1801,2085,2109
  0C 00 01       x  10  @ 258,1590,1630,1670,1694,1754,1778,1802,2086,2110

--- REPEATED 4-BYTE PATTERNS (top 15) ---
  00 00 00 00    x 504  @ 1,2,3,4,5,6,12,13,14,15,16,17
  20 20 20 20    x  31  @ 296,297,298,384,434,508,582,706,830,954,1028,1102
  14 00 00 00    x  31  @ 1222,1252,1282,1312,1342,1372,2050,2122,2194,2226,2252,2280
  00 00 01 00    x  16  @ 23,306,442,516,590,714,838,962,1036,1110,1586,1742
  00 00 00 42    x  14  @ 473,547,621,745,869,993,1067,1141,1985,2079,2309,2335
  00 01 00 01    x  13  @ 259,307,1591,1615,1631,1655,1671,1695,1755,1779,1803,1863
  01 00 01 00    x  13  @ 260,308,1592,1616,1632,1656,1672,1696,1756,1780,1804,1864
  01 00 00 00    x  12  @ 25,310,345,395,667,791,915,1187,1417,1467,1517,1567
  00 00 00 33    x  11  @ 1223,1253,2051,2167,2253,2281,2413,2443,2473,2503,2533
  00 0C 00 01    x  10  @ 257,1589,1629,1669,1693,1753,1777,1801,2085,2109
  0C 00 01 00    x  10  @ 258,1590,1630,1670,1694,1754,1778,1802,2086,2110
  09 00 19 00    x  10  @ 316,366,638,762,886,1158,1388,1438,1488,1538
  00 19 00 01    x  10  @ 317,367,639,763,887,1159,1389,1439,1489,1539
  19 00 01 00    x  10  @ 318,368,640,764,888,1160,1390,1440,1490,1540
  00 00 01 01    x  10  @ 342,392,664,788,912,1184,1414,1464,1514,1564