====================================================================================================
FILE        30705D8A.CAD
PATH        Raw Data from Controller\CAD\project\L3\P7\M5\30705D8A.CAD
SIZE        12221 bytes
====================================================================================================

--- FIRST 256 BYTES ---
     0  02 00 00 00 00 00 00 00 00 00 0C 16 00 00 00 00  |................|
    16  00 00 00 00 00 00 00 00 00 01 00 00 00 00 00 00  |................|
    32  00 00 00 00 00 00 00 00 00 00 00 00 00 00 00 00  |................|
    48  00 00 00 00 00 00 00 00 00 00 00 00 00 00 00 00  |................|
    64  00 00 00 00 00 00 00 00 00 00 00 00 00 00 00 00  |................|
    80  00 00 00 00 00 00 00 00 00 00 00 00 00 00 00 00  |................|
    96  00 00 00 00 00 00 00 00 00 00 00 00 00 00 00 00  |................|
   112  00 00 00 00 00 00 00 00 00 00 3E 01 93 FF 3C 00  |..........>...<.|
   128  3C 00 00 00 00 00 00 00 00 00 14 0A F4 02 AE 00  |<...............|
   144  37 31 30 37 6C 69 62 31 00 00 00 00 00 00 00 00  |7107lib1........|
   160  00 00 D0 CA 99 CE 06 46 00 00 00 00 00 00 00 00  |.......F........|
   176  00 00 00 00 00 00 00 00 00 00 00 00 00 00 00 00  |................|
   192  00 00 00 00 00 00 00 00 00 00 00 00 00 00 00 00  |................|
   208  00 00 00 00 00 00 00 00 00 00 00 00 00 00 00 00  |................|
   224  00 00 00 00 00 00 00 00 00 00 00 00 00 00 00 00  |................|
   240  00 00 00 00 00 00 00 00 00 00 00 00 00 00 B1 DE  |................|

--- LAST 64 BYTES ---
 12157  00 00 00 20 41 05 00 5A 0A 25 00 01 00 01 00 04  |... A..Z.%......|
 12173  00 4D 0A 21 00 00 00 07 00 59 0A 23 00 00 00 01  |.M.!.....Y.#....|
 12189  00 00 00 20 41 42 43 43 6F C5 41 54 52 C5 4C 49  |... ABCCo.ATR.LI|
 12205  53 54 00 45 4E 44 C5 43 41 44 C5 46 49 4C 45 00  |ST.END.CAD.FILE.|

--- STRING TABLE (301 runs, minLen=2) ---
  offset  len  before(6B)               after(6B)                text
     144    8  14 0A F4 02 AE 00        00 00 00 00 00 00        "7107lib1"
     270    8  CA 03 F2 12 4E 0C        DC 05 E8 03 00 00        "DBORDH  "
     286    8  E8 03 00 00 01 01        00 00 00 00 00 00        "        "
     320    8  14 05 94 11 80 0C        DC 05 14 05 00 00        "LINE    "
     336    8  14 05 00 00 01 01        00 00 00 00 00 00        "        "
     370    8  78 05 E7 09 A0 05        D0 07 8C 05 00 00        "IREF    "
     386   18  8C 05 00 00 01 00        00 00 00 00 00 00        "DI4-3A/322AUX-M215"
     416   10  00 00 00 00 00 00        00 00 00 00 09 00        "BA03-08.14"
     444    8  28 05 98 08 54 06        D0 07 F0 05 00 00        "RDI01A4 "
     460    8  F0 05 00 00 01 01        00 00 00 00 00 00        "        "
     494    8  90 06 E7 09 B8 06        D0 07 A4 06 00 00        "IREF    "
     510   10  A4 06 00 00 01 00        00 00 00 00 00 00        "D322EV120C"
     540   10  00 00 00 00 00 00        00 00 00 00 08 00        "BA84-11.26"
     568    8  A8 07 E7 09 D0 07        D0 07 BC 07 00 00        "IREF    "
     584   10  BC 07 00 00 01 00        00 00 00 00 00 00        "D322EV120B"
     614   10  00 00 00 00 00 00        00 00 00 00 08 00        "BA83-11.26"
     642    8  C0 08 E7 09 E8 08        D0 07 D4 08 00 00        "IREF    "
     658   19  D4 08 00 00 01 00        00 00 00 00 00 00        "DI5-1A/322AUX-M107F"
     688   10  00 00 00 00 00 00        00 00 00 00 09 00        "BA01-09.14"
     716    8  70 08 98 08 9C 09        D0 07 38 09 00 00        "RDI01A5 "
     732    8  38 09 00 00 01 01        00 00 00 00 00 00        "        "
     770   10  B0 06 14 00 00 00        05 00 0E 00 01 00        "322-120C.0"
     798   10  C8 07 14 00 00 00        05 00 0F 00 01 00        "322-120B.1"
     826   12  FC 05 14 00 00 00        05 00 0F 00 01 00        "061-05/06-D "
     856   12  44 09 14 00 00 00        09 00 19 00 01 00        "061-01/02-D "
     882    9  28 05 98 08 F0 05        08 F0 05 00 00 01        "DI1SYS  4"
     898    8  F0 05 00 00 01 01        00 00 00 00 00 00        "        "
     932    9  70 08 98 08 38 09        08 38 09 00 00 01        "DI1SYS  4"
     948    8  38 09 00 00 01 01        00 00 00 00 00 00        "        "
     986    8  B4 07 14 00 00 00        05 00 0D 00 01 00        "BLK-3012"
    1012    8  94 06 28 00 00 00        05 00 0D 00 01 00        "STEP 12 "
    1038    8  AC 07 28 00 00 00        05 00 0D 00 01 00        "STEP 11 "
    1064    8  C4 08 28 00 00 00        05 00 0C 00 01 00        "STEP 10 "
    1090    6  DC 09 28 00 00 00        06 00 12 00 01 00        "STEP 9"
    1110    8  22 06 46 0A 5E 06        EC 09 40 06 00 00        "OR2     "
    1146    8  3A 07 46 0A 76 07        EC 09 58 07 00 00        "OR2     "
    1182    8  52 08 46 0A 8E 08        EC 09 70 08 00 00        "OR2     "
    1218    8  6A 09 46 0A A6 09        EC 09 88 09 00 00        "OR2     "
    1254    8  C8 05 E6 0A F0 05        8C 0A DC 05 00 00        "NOT     "
    1290    8  FF 05 E6 0A 7C 06        8C 0A 68 06 00 00        "SR      "
    1326    8  E0 06 E6 0A 08 07        8C 0A F4 06 00 00        "NOT     "
    1362    8  17 07 E6 0A 94 07        8C 0A 80 07 00 00        "SR      "
    1398    8  F8 07 E6 0A 20 08        8C 0A 0C 08 00 00        "NOT     "
    1434    8  2F 08 E6 0A AC 08        8C 0A 98 08 00 00        "SR      "
    1470    8  10 09 E6 0A 38 09        8C 0A 24 09 00 00        "NOT     "
    1506    8  47 09 E6 0A C4 09        8C 0A B0 09 00 00        "SR      "
    1542    9  AA 09 5B 0B B5 09        0B B0 09 00 00 01        "N90CNECTT"
    1576    8  6E 05 12 0C D2 05        B8 0B A0 05 00 00        "AND2    "
    1612    8  86 06 12 0C EA 06        B8 0B B8 06 00 00        "AND2    "
    1648    8  9E 07 12 0C 02 08        B8 0B D0 07 00 00        "AND2    "
    1684    8  B6 08 12 0C 1A 09        B8 0B E8 08 00 00        "AND2    "
    1720    8  D2 05 76 0C 36 06        1C 0C 04 06 00 00        "AND2    "
    1756    8  EA 06 76 0C 4E 07        1C 0C 1C 07 00 00        "AND2    "
    1792    8  02 08 76 0C 66 08        1C 0C 34 08 00 00        "AND2    "
    1828    8  1A 09 76 0C 7E 09        1C 0C 4C 09 00 00        "AND2    "
    1864    8  46 09 9B 0C 51 09        94 0C 4C 09 00 00        "N90CNECT"
    1898    8  A0 05 66 0D F0 05        E4 0C C8 05 00 00        "TD-DIG  "
    1938    8  FC 05 14 00 00 00        06 00 12 00 01 00        "TO=5 SEC"
    1960    8  B8 06 66 0D 08 07        E4 0C E0 06 00 00        "TD-DIG  "
    2000    8  14 07 14 00 00 00        06 00 12 00 01 00        "TO=5 SEC"
    2022    8  D0 07 66 0D 20 08        E4 0C F8 07 00 00        "TD-DIG  "
    2062    8  2C 08 14 00 00 00        06 00 12 00 01 00        "TO=5 SEC"
    2084    8  E8 08 66 0D 38 09        E4 0C 10 09 00 00        "TD-DIG  "
    2124    8  44 09 14 00 00 00        06 00 12 00 01 00        "TO=5 SEC"
    2146    8  B4 05 2E 0E DC 05        D4 0D C8 05 00 00        "NOT     "
    2182    8  CC 06 2E 0E F4 06        D4 0D E0 06 00 00        "NOT     "
    2218    8  E4 07 2E 0E 0C 08        D4 0D F8 07 00 00        "NOT     "
    2254    8  FC 08 2E 0E 24 09        D4 0D 10 09 00 00        "NOT     "
    2290    9  AA 09 7B 0E B5 09        0E B0 09 00 00 01        "N90CNECTt"
    2324    8  BE 05 1E 0F 22 06        C4 0E F0 05 00 00        "AND2    "
    2360    8  18 06 2E 0E 40 06        D4 0D 2C 06 00 00        "NOT     "
    2396    8  40 06 46 0F 90 06        C4 0E 68 06 00 00        "TD-DIG  "
    2436   10  60 06 14 00 00 00        06 00 12 00 01 00        "TO=10 SEC "
    2460    8  D6 06 1E 0F 3A 07        C4 0E 08 07 00 00        "AND2    "
    2496    8  30 07 2E 0E 58 07        D4 0D 44 07 00 00        "NOT     "
    2532    8  58 07 46 0F A8 07        C4 0E 80 07 00 00        "TD-DIG  "
    2572   10  78 07 14 00 00 00        06 00 12 00 01 00        "TO=10 SEC "
    2596    8  EE 07 1E 0F 52 08        C4 0E 20 08 00 00        "AND2    "
    2632    8  48 08 2E 0E 70 08        D4 0D 5C 08 00 00        "NOT     "
    2668    8  70 08 46 0F C0 08        C4 0E 98 08 00 00        "TD-DIG  "
    2708   10  90 08 14 00 00 00        06 00 12 00 01 00        "TO=10 SEC "
    2732    8  06 09 1E 0F 6A 09        C4 0E 38 09 00 00        "AND2    "
    2768    8  60 09 2E 0E 88 09        D4 0D 74 09 00 00        "NOT     "
    2804    8  88 09 46 0F D8 09        C4 0E B0 09 00 00        "TD-DIG  "
    2844   10  A8 09 14 00 00 00        08 00 25 00 01 00        "TO=10 SEC "
    2868    9  4B 05 08 11 78 05        10 64 05 00 00 01        "OREF    h"
    2884   40  64 05 00 00 01 00        00 00 00 00 08 00        "                     D322RS200BAD5-07.07"
    2942    9  87 05 08 11 B4 05        10 A0 05 00 00 01        "OREF    h"
    2958   40  A0 05 00 00 01 00        00 00 00 00 08 00        "                   D322ST-M215BAP6-02.07"
    3016    9  D7 05 08 11 04 06        10 F0 05 00 00 01        "OREF    h"
    3032   40  F0 05 00 00 01 00        00 00 00 00 08 00        "                   D322SP-M215BAP6-03.07"
    3090    9  13 06 08 11 40 06        10 2C 06 00 00 01        "OREF    h"
    3106   40  2C 06 00 00 01 00        00 00 00 00 08 00        "                  D322AUT-M215BAP6-06.07"
    3164    9  4F 06 08 11 7C 06        10 68 06 00 00 01        "OREF    h"
    3180   40  68 06 00 00 01 00        00 00 00 00 08 00        "                  D322FA200-12BAD5-15.07"
    3238    9  9F 06 08 11 CC 06        10 B8 06 00 00 01        "OREF    h"
    3254   40  B8 06 00 00 01 00        00 00 00 00 08 00        "                    D322ST120CBA84-04.07"
    3312    9  EF 06 08 11 1C 07        10 08 07 00 00 01        "OREF    h"
    3328   40  08 07 00 00 01 00        00 00 00 00 08 00        "                    D322SP120CBA84-05.07"
    3386    9  2B 07 08 11 58 07        10 44 07 00 00 01        "OREF    h"
    3402   40  44 07 00 00 01 00        00 00 00 00 08 00        "                   D322AUT120CBA84-06.07"
    3460    9  67 07 08 11 94 07        10 80 07 00 00 01        "OREF    h"
    3476   40  80 07 00 00 01 00        00 00 00 00 08 00        "                  D322FA200-11BAD5-14.07"
    3534    9  B7 07 08 11 E4 07        10 D0 07 00 00 01        "OREF    h"
    3550   40  D0 07 00 00 01 00        00 00 00 00 08 00        "                    D322ST120BBA83-04.07"
    3608    9  07 08 08 11 34 08        10 20 08 00 00 01        "OREF    h"
    3624   40  20 08 00 00 01 00        00 00 00 00 08 00        "                    D322SP120BBA83-05.07"
    3682    9  43 08 08 11 70 08        10 5C 08 00 00 01        "OREF    h"
    3698   40  5C 08 00 00 01 00        00 00 00 00 08 00        "                   D322AUT120BBA83-06.07"
    3756    9  7F 08 08 11 AC 08        10 98 08 00 00 01        "OREF    h"
    3772   40  98 08 00 00 01 00        00 00 00 00 08 00        "                  D322FA200-10BAD5-13.07"
    3830    9  CF 08 08 11 FC 08        10 E8 08 00 00 01        "OREF    h"
    3846   30  E8 08 00 00 01 00        00 00 4D 31 2D 30        "                  D322ST-M107F"
    3878    8  31 30 37 46 00 00        00 00 00 00 08 00        "M1-02.07"
    3904    9  1F 09 08 11 4C 09        10 38 09 00 00 01        "OREF    h"
    3920   30  38 09 00 00 01 00        00 00 4D 31 2D 30        "                  D322SP-M107F"
    3952    8  31 30 37 46 00 00        00 00 00 00 08 00        "M1-03.07"
    3978    9  5B 09 08 11 88 09        10 74 09 00 00 01        "OREF    h"
    3994   30  74 09 00 00 01 00        00 00 4D 31 2D 30        "                 D322AUT-M107F"
    4026    8  31 30 37 46 00 00        00 00 00 00 08 00        "M1-06.07"
    4052    9  97 09 08 11 C4 09        10 B0 09 00 00 01        "OREF    h"
    4068   40  B0 09 00 00 01 00        00 00 00 00 08 00        "                   D322FA200-9BAD5-13.07"
    4126    9  03 0C 08 11 30 0C        10 1C 0C 00 00 01        "OREF    h"
    4142   40  1C 0C 00 00 01 00        00 00 00 00 05 00        "                   D322SP200-4BAD6-15.07"
    4204    2  00 04 28 00 00 00        05 00 11 00 01 00        "P "
    4224   16  A4 04 1E 00 00 00        05 00 10 00 01 00        "BARK GROUP START"
    4258   14  C2 04 1E 00 00 00        05 00 0E 00 01 00        "NO. 2 WOODYARD"
    4290   10  70 05 14 00 00 00        05 00 0E 00 01 00        "322-200.3 "
    4318   10  AC 05 14 00 00 00        05 00 0E 00 01 00        "322-M215.0"
    4346   10  FC 05 14 00 00 00        05 00 0E 00 01 00        "322-M215.0"
    4374   10  38 06 14 00 00 00        05 00 0E 00 01 00        "322-M215.0"
    4402   10  C4 06 14 00 00 00        05 00 0E 00 01 00        "322-120C.0"
    4430   10  14 07 14 00 00 00        05 00 0E 00 01 00        "322-120C.0"
    4458   10  50 07 14 00 00 00        05 00 0E 00 01 00        "322-120C.0"
    4486   10  DC 07 14 00 00 00        05 00 0E 00 01 00        "322-120B.1"
    4514   10  2C 08 14 00 00 00        05 00 0E 00 01 00        "322-120B.1"
    4542   10  68 08 14 00 00 00        05 00 0F 00 01 00        "322-120B.1"
    4570   12  F4 08 14 00 00 00        05 00 0F 00 01 00        "322-M107F.0 "
    4600   12  44 09 14 00 00 00        05 00 0F 00 01 00        "322-M107F.0 "
    4630   12  80 09 14 00 00 00        05 00 0A 00 01 00        "322-M107F.0 "
    4660    2  00 04 28 00 00 00        05 00 0C 00 01 00        "B "
    4680    6  00 04 28 00 00 00        05 00 0C 00 01 00        "92165 "
    4704    6  30 04 14 00 00 00        05 00 0A 00 01 00        "920327"
    4728    2  00 04 28 00 00 00        05 00 10 00 01 00        "L "
    4748   14  E4 04 14 00 00 00        05 00 0D 00 01 00        "MILL EXPANSION"
    4780    8  30 04 14 00 00 00        01 00 0C 00 01 00        "C216560 "
    4842    9  46 09 5B 0B 51 09        0B 4C 09 00 00 01        "N90CNECTT"
    4952    9  92 08 33 0B 9D 08        0B 98 08 00 00 01        "N90CNECT,"
    5082    8  AA 09 8B 0D B5 09        84 0D B0 09 00 00        "N90CNECT"
    5116    8  0A 09 8B 0D 15 09        84 0D 10 09 00 00        "N90CNECT"
    5726    8  C2 05 8B 0D CD 05        84 0D C8 05 00 00        "N90CNECT"
    5760    8  62 06 8B 0D 6D 06        84 0D 68 06 00 00        "N90CNECT"
    5794    8  DA 06 8B 0D E5 06        84 0D E0 06 00 00        "N90CNECT"
    5828    8  7A 07 8B 0D 85 07        84 0D 80 07 00 00        "N90CNECT"
    5862    8  F2 07 8B 0D FD 07        84 0D F8 07 00 00        "N90CNECT"
    5896    8  92 08 8B 0D 9D 08        84 0D 98 08 00 00        "N90CNECT"
    5930    8  2E 08 9B 0C 39 08        94 0C 34 08 00 00        "N90CNECT"
    5964    8  16 07 9B 0C 21 07        94 0C 1C 07 00 00        "N90CNECT"
    5998    8  FE 05 9B 0C 09 06        94 0C 04 06 00 00        "N90CNECT"
    6352    9  62 06 33 0B 6D 06        0B 68 06 00 00 01        "N90CNECT,"
    6386    9  62 06 5B 0B 6D 06        0B 68 06 00 00 01        "N90CNECTT"
    6420    9  7A 07 5B 0B 85 07        0B 80 07 00 00 01        "N90CNECTT"
    6454    9  7A 07 33 0B 85 07        0B 80 07 00 00 01        "N90CNECT,"
    6488    9  92 08 5B 0B 9D 08        0B 98 08 00 00 01        "N90CNECTT"
    6522    9  2E 08 5B 0B 39 08        0B 34 08 00 00 01        "N90CNECTT"
    6556    9  16 07 5B 0B 21 07        0B 1C 07 00 00 01        "N90CNECTT"
    6590    9  FE 05 5B 0B 09 06        0B 04 06 00 00 01        "N90CNECTT"
    6880    9  CE 08 43 0A D9 08        0A D4 08 00 00 01        "N90CNECT<"
    6914    9  B6 07 43 0A C1 07        0A BC 07 00 00 01        "N90CNECT<"
    6948    9  9E 06 43 0A A9 06        0A A4 06 00 00 01        "N90CNECT<"
    6982    9  86 05 43 0A 91 05        0A 8C 05 00 00 01        "N90CNECT<"
    7080    8  D8 09 E7 09 00 0A        D0 07 EC 09 00 00        "IREF    "
    7096   19  EC 09 00 00 01 00        00 00 00 00 00 00        "DI6-1B/322AUX-M203A"
    7126   10  00 00 00 00 00 00        00 00 00 00 08 00        "BA01-10.22"
    7154    8  F0 0A E7 09 18 0B        D0 07 04 0B 00 00        "IREF    "
    7170   19  04 0B 00 00 01 00        00 00 00 00 00 00        "DI7-1B/322AUX-M203B"
    7200   10  00 00 00 00 00 00        00 00 00 00 09 00        "BA01-11.22"
    7228    8  A0 0A 98 08 CC 0B        D0 07 68 0B 00 00        "RDI01A5 "
    7244    8  68 0B 00 00 01 01        00 00 00 00 00 00        "        "
    7278    8  90 0B E7 09 B8 0B        D0 07 A4 0B 00 00        "IREF    "
    7294    9  A4 0B 00 00 01 00        00 00 00 00 00 00        "D322SP200"
    7324   10  00 00 00 00 00 00        00 00 00 00 08 00        "BAD5-07.26"
    7352    8  CC 0B E7 09 F4 0B        D0 07 E0 0B 00 00        "IREF    "
    7368   11  E0 0B 00 00 01 00        00 00 00 00 00 00        "D322ST200-5"
    7398   10  00 00 00 00 00 00        00 00 00 00 05 00        "BAD6-17.26"
    7430   12  74 0B 14 00 00 00        09 00 19 00 01 00        "061-01/02-D "
    7456    9  A0 0A 98 08 68 0B        08 68 0B 00 00 01        "DI1SYS  4"
    7472    8  68 0B 00 00 01 01        00 00 00 00 00 00        "        "
    7522    8  82 0A 46 0A BE 0A        EC 09 A0 0A 00 00        "OR2     "
    7558    8  9A 0B 46 0A D6 0B        EC 09 B8 0B 00 00        "OR2     "
    7594    8  28 0A E6 0A 50 0A        8C 0A 3C 0A 00 00        "NOT     "
    7630    8  5F 0A E6 0A DC 0A        8C 0A C8 0A 00 00        "SR      "
    7666    8  40 0B E6 0A 68 0B        8C 0A 54 0B 00 00        "NOT     "
    7702    8  77 0B E6 0A F4 0B        8C 0A E0 0B 00 00        "SR      "
    7738    9  DA 0B 5B 0B E5 0B        0B E0 0B 00 00 01        "N90CNECTT"
    7772    8  CE 09 12 0C 32 0A        B8 0B 00 0A 00 00        "AND2    "
    7808    8  E6 0A 12 0C 4A 0B        B8 0B 18 0B 00 00        "AND2    "
    7844    8  32 0A 76 0C 96 0A        1C 0C 64 0A 00 00        "AND2    "
    7880    8  4A 0B 76 0C AE 0B        1C 0C 7C 0B 00 00        "AND2    "
    7916    8  76 0B 9B 0C 81 0B        94 0C 7C 0B 00 00        "N90CNECT"
    7950    8  00 0A 66 0D 50 0A        E4 0C 28 0A 00 00        "TD-DIG  "
    7990    8  5C 0A 14 00 00 00        06 00 12 00 01 00        "TO=5 SEC"
    8012    8  18 0B 66 0D 68 0B        E4 0C 40 0B 00 00        "TD-DIG  "
    8052    8  74 0B 14 00 00 00        06 00 12 00 01 00        "TO=5 SEC"
    8074    8  14 0A 2E 0E 3C 0A        D4 0D 28 0A 00 00        "NOT     "
    8110    8  2C 0B 2E 0E 54 0B        D4 0D 40 0B 00 00        "NOT     "
    8146    8  1E 0A 1E 0F 82 0A        C4 0E 50 0A 00 00        "AND2    "
    8182    8  78 0A 2E 0E A0 0A        D4 0D 8C 0A 00 00        "NOT     "
    8218    8  A0 0A 46 0F F0 0A        C4 0E C8 0A 00 00        "TD-DIG  "
    8258   10  C0 0A 14 00 00 00        06 00 12 00 01 00        "TO=10 SEC "
    8282    8  36 0B 1E 0F 9A 0B        C4 0E 68 0B 00 00        "AND2    "
    8318    8  90 0B 2E 0E B8 0B        D4 0D A4 0B 00 00        "NOT     "
    8354    8  B8 0B 46 0F 08 0C        C4 0E E0 0B 00 00        "TD-DIG  "
    8394   10  D8 0B 14 00 00 00        08 00 25 00 01 00        "TO=10 SEC "
    8418    9  E7 09 08 11 14 0A        10 00 0A 00 00 01        "OREF    h"
    8434   40  00 0A 00 00 01 00        00 00 00 00 08 00        "                  D322ST-M203ABAN8-02.07"
    8492    9  37 0A 08 11 64 0A        10 50 0A 00 00 01        "OREF    h"
    8508   40  50 0A 00 00 01 00        00 00 00 00 08 00        "                  D322SP-M203ABAN8-03.07"
    8566    9  73 0A 08 11 A0 0A        10 8C 0A 00 00 01        "OREF    h"
    8582   40  8C 0A 00 00 01 00        00 00 00 00 08 00        "                 D322AUT-M203ABAN8-06.07"
    8640    9  AF 0A 08 11 DC 0A        10 C8 0A 00 00 01        "OREF    h"
    8656   40  C8 0A 00 00 01 00        00 00 00 00 08 00        "                   D322FA200-8BAD5-12.07"
    8714    9  FF 0A 08 11 2C 0B        10 18 0B 00 00 01        "OREF    h"
    8730   40  18 0B 00 00 01 00        00 00 00 00 08 00        "                  D322ST-M203BBAN9-02.07"
    8788    9  4F 0B 08 11 7C 0B        10 68 0B 00 00 01        "OREF    h"
    8804   40  68 0B 00 00 01 00        00 00 00 00 08 00        "                  D322SP-M203BBAN9-03.07"
    8862    9  8B 0B 08 11 B8 0B        10 A4 0B 00 00 01        "OREF    h"
    8878   40  A4 0B 00 00 01 00        00 00 00 00 08 00        "                 D322AUT-M203BBAN9-06.07"
    8936    9  C7 0B 08 11 F4 0B        10 E0 0B 00 00 01        "OREF    h"
    8952   40  E0 0B 00 00 01 00        00 00 00 00 01 00        "                   D322FA200-7BAD5-12.07"
    9050    9  76 0B 5B 0B 81 0B        0B 7C 0B 00 00 01        "N90CNECTT"
    9184    9  C2 0A 33 0B CD 0A        0B C8 0A 00 00 01        "N90CNECT,"
    9314    8  DA 0B 8B 0D E5 0B        84 0D E0 0B 00 00        "N90CNECT"
    9348    8  3A 0B 8B 0D 45 0B        84 0D 40 0B 00 00        "N90CNECT"
    9654    8  22 0A 8B 0D 2D 0A        84 0D 28 0A 00 00        "N90CNECT"
    9688    8  C2 0A 8B 0D CD 0A        84 0D C8 0A 00 00        "N90CNECT"
    9722    8  5E 0A 9B 0C 69 0A        94 0C 64 0A 00 00        "N90CNECT"
    9844    9  C2 0A 5B 0B CD 0A        0B C8 0A 00 00 01        "N90CNECTT"
    9878    9  5E 0A 5B 0B 69 0A        0B 64 0A 00 00 01        "N90CNECTT"
    9976    9  FE 0A 43 0A 09 0B        0A 04 0B 00 00 01        "N90CNECT<"
   10010    9  E6 09 43 0A F1 09        0A EC 09 00 00 01        "N90CNECT<"
   10080   10  EC 0B 14 00 00 00        05 00 0E 00 01 00        "322-200.3 "
   10108   10  B0 0B 14 00 00 00        05 00 0C 00 01 00        "322-200.2 "
   10136    6  F4 0A 28 00 00 00        05 00 0C 00 01 00        "STEP 8"
   10160    6  0C 0C 28 00 00 00        01 00 14 00 01 00        "STEP 7"
   10304    9  9A 0A 7B 09 A5 0A        09 A0 0A 00 00 01        "N90CNECTt"
   10338    9  82 09 7B 09 8D 09        09 88 09 00 00 01        "N90CNECTt"
   10372    9  6A 08 7B 09 75 08        09 70 08 00 00 01        "N90CNECTt"
   10406    9  52 07 7B 09 5D 07        09 58 07 00 00 01        "N90CNECTt"
   10444    4  E8 0A 14 00 00 00        09 00 19 00 01 00        "1056"
   10462    8  88 09 98 08 B4 0A        D0 07 50 0A 00 00        "RDI01B6 "
   10516   12  5C 0A 14 00 00 00        09 00 19 00 01 00        "061-01/02-D "
   10542    9  88 09 98 08 50 0A        08 50 0A 00 00 01        "DI1SYS  4"
   10558    8  50 0A 00 00 01 01        00 00 00 00 00 00        "        "
   10592    9  9E 0B 7B 09 A9 0B        09 A4 0B 00 00 01        "N90CNECTt"
   10650   10  EC 0B 14 00 00 00        05 00 0E 00 01 00        "322-200.2 "
   10678   10  D4 0A 14 00 00 00        05 00 0E 00 01 00        "322-200.2 "
   10706   10  BC 09 14 00 00 00        05 00 0F 00 01 00        "322-200.2 "
   10734   12  B0 0B 14 00 00 00        05 00 0F 00 01 00        "322-M203B.0 "
   10764   12  74 0B 14 00 00 00        05 00 0F 00 01 00        "322-M203B.0 "
   10794   12  24 0B 14 00 00 00        05 00 0F 00 01 00        "322-M203B.0 "
   10824   12  98 0A 14 00 00 00        05 00 0F 00 01 00        "322-M203A.0 "
   10854   12  5C 0A 14 00 00 00        05 00 0F 00 01 00        "322-M203A.0 "
   10884   12  0C 0A 14 00 00 00        05 00 0E 00 01 00        "322-M203A.0 "
   10914   10  A4 08 14 00 00 00        05 00 0E 00 01 00        "322-200.2 "
   10942   10  8C 07 14 00 00 00        05 00 0E 00 01 00        "322-200.2 "
   10970   10  74 06 14 00 00 00        05 00 0E 00 01 00        "322-200.2 "
   10998   10  28 0C 14 00 00 00        05 00 0B 00 01 00        "322-200.3 "
   11026    4  70 05 14 00 00 00        05 00 0B 00 01 00        "1083"
   11048    4  B8 08 14 00 00 00        05 00 0B 00 01 00        "1044"
   11070    4  D0 09 14 00 00 00        05 00 0E 00 01 00        "1055"
   11092   10  00 04 28 00 00 00        01 00 0E 00 01 00        "322-200.4 "
   11144    9  AA 09 33 0B B5 09        0B B0 09 00 00 01        "N90CNECT,"
   11182    8  D8 0B 14 00 00 00        05 00 0D 00 01 00        "BLK 2797"
   11208    8  9C 0B 14 00 00 00        05 00 0D 00 01 00        "BLK 2469"
   11234    8  9C 06 14 00 00 00        05 00 0F 00 01 00        "BLK 3717"
   11260   12  CF 0A 14 00 00 00        05 00 0F 00 01 00        "3-07-05-01.0"
   11290   12  B7 09 14 00 00 00        05 00 0F 00 01 00        "3-07-05-01.0"
   11320   12  9F 08 14 00 00 00        05 00 0F 00 01 00        "3-07-05-01.0"
   11350   12  57 05 14 00 00 00        05 00 0D 00 01 00        "3-07-05-03.0"
   11380    8  30 04 14 00 00 00        05 00 0E 00 01 00        "30705D8 "
   11406   10  30 04 14 00 00 00        05 00 0A 00 01 00        "MARC/2005 "
   11434    2  6C 04 14 00 00 00        05 00 0A 00 01 00        "RP"
   11454    2  00 04 28 00 00 00        05 00 0A 00 01 00        "A "
   11474    2  44 04 14 00 00 00        05 00 0E 00 01 00        "A "
   11494   10  44 04 14 00 00 00        05 00 0A 00 01 00        "MARC/2005 "
   11522    2  44 04 14 00 00 00        05 00 0A 00 01 00        "RP"
   11542    6  44 04 14 00 00 00        C5 53 50 43 C5 4C        "RPBCCo"
   11549    3  50 42 43 43 6F C5        C5 4C 49 53 54 00        "SPC"
   11553    4  6F C5 53 50 43 C5        00 05 00 2E 0A 27        "LIST"
   11884    2  00 00 01 00 00 00        05 00 64 0A 25 00        " A"
   11916    2  00 00 01 00 00 00        05 00 60 0A 25 00        " A"
   11948    2  00 00 01 00 00 00        05 00 5E 0A 25 00        " A"
   11980    2  00 00 01 00 00 00        05 00 2A 0A 27 00        " A"
   12160    2  00 00 01 00 00 00        05 00 5A 0A 25 00        " A"
   12192    6  00 00 01 00 00 00        C5 41 54 52 C5 4C        " ABCCo"
   12199    3  41 42 43 43 6F C5        C5 4C 49 53 54 00        "ATR"
   12203    4  6F C5 41 54 52 C5        00 45 4E 44 C5 43        "LIST"
   12208    3  C5 4C 49 53 54 00        C5 43 41 44 C5 46        "END"
   12212    3  54 00 45 4E 44 C5        C5 46 49 4C 45 00        "CAD"
   12216    4  44 C5 43 41 44 C5        00                       "FILE"

--- TOP 24 BYTE VALUES ---
  0x00      count=3233
  0x20 ' '  count=1052
  0x01      count=789
  0x0A      count=433
  0x0B      count=345
  0x08      count=310
  0x30 '0'  count=258
  0x32 '2'  count=252
  0x09      count=223
  0x07      count=197
  0x05      count=196
  0x06      count=186
  0x0E      count=169
  0x54 'T'  count=165
  0x4E 'N'  count=147
  0x11      count=138
  0x0C      count=137
  0x0D      count=137
  0x44 'D'  count=135
  0x43 'C'  count=132
  0x2D '-'  count=129
  0x33 '3'  count=111
  0x45 'E'  count=108
  0x31 '1'  count=104

--- REPEATED 2-BYTE PATTERNS (top 15) ---
  00 00          x1378  @ 1,2,3,4,5,6,7,8,12,13,14,15
  20 20          x 823  @ 276,286,287,288,289,290,291,292,324,325,326,336
  01 00          x 769  @ 25,260,310,360,384,434,484,508,558,582,632,656
  00 01          x 678  @ 24,259,283,309,333,359,383,433,457,483,507,557
  0A 00          x 123  @ 1127,1163,1199,1235,1271,1307,1343,1379,1415,1451,1487,1523
  05 00          x 120  @ 331,381,455,752,780,808,838,893,968,994,1020,1046
  08 00          x 107  @ 356,480,554,628,653,1193,1409,1445,1695,1803,2607,2643
  00 08          x  85  @ 355,479,553,627,2927,3001,3075,3149,3223,3297,3371,3445
  14 00          x  82  @ 300,350,474,746,766,794,822,852,912,962,982,1934
  0B 00          x  81  @ 1528,1850,2276,4828,4938,5068,5102,5712,5746,5780,5814,5848
  06 00          x  80  @ 505,1096,1121,1132,1168,1204,1240,1276,1301,1312,1337,1348
  32 32          x  67  @ 394,512,586,666,771,799,2907,2979,3053,3126,3200,3276
  33 32          x  66  @ 393,511,585,665,770,798,2906,2978,3052,3125,3199,3275
  12 00          x  62  @ 1098,1134,1170,1206,1242,1278,1314,1350,1386,1422,1458,1494
  00 12          x  60  @ 1097,1133,1169,1205,1241,1277,1313,1349,1385,1421,1457,1493

--- REPEATED 3-BYTE PATTERNS (top 15) ---
  00 00 00       x 914  @ 1,2,3,4,5,6,7,12,13,14,15,16
  20 20 20       x 688  @ 286,287,288,289,290,291,324,325,336,337,338,339
  00 01 00       x 668  @ 24,259,309,359,383,433,483,507,557,581,631,655
  00 00 01       x 179  @ 23,282,332,382,456,506,580,654,728,894,944,1122
  01 00 01       x 133  @ 4792,4816,4866,4886,4902,4976,5004,5020,5036,5052,5140,5156
  00 08 00       x  84  @ 355,479,553,627,2927,3001,3075,3149,3223,3297,3371,3445
  0A 00 00       x  83  @ 1127,1163,1199,1235,1271,1307,1343,1379,1415,1451,1487,1523
  14 00 00       x  77  @ 300,350,474,746,766,794,822,852,912,962,982,1934
  33 32 32       x  65  @ 393,511,585,665,770,798,2906,2978,3052,3125,3199,3275
  01 00 00       x  61  @ 25,1556,1878,2304,4856,4966,5096,5130,5740,5774,5808,5842
  06 00 12       x  60  @ 1096,1132,1168,1204,1240,1276,1312,1348,1384,1420,1456,1492
  00 12 00       x  60  @ 1097,1133,1169,1205,1241,1277,1313,1349,1385,1421,1457,1493
  12 00 01       x  60  @ 1098,1134,1170,1206,1242,1278,1314,1350,1386,1422,1458,1494
  01 00 08       x  54  @ 4812,4882,5000,5016,5032,5136,5240,5256,5272,5288,5304,5320
  08 00 01       x  53  @ 4814,4884,5002,5018,5034,5138,5242,5258,5274,5290,5306,5322

--- REPEATED 4-BYTE PATTERNS (top 15) ---
  00 00 00 00    x 604  @ 1,2,3,4,5,6,12,13,14,15,16,17
  20 20 20 20    x 570  @ 286,287,288,289,290,324,336,337,338,339,340,374
  00 00 01 00    x 169  @ 23,382,506,580,654,1122,1158,1194,1230,1266,1302,1338
  00 01 00 01    x 133  @ 4791,4815,4865,4885,4901,4975,5003,5019,5035,5051,5139,5155
  01 00 01 00    x 133  @ 4792,4816,4866,4886,4902,4976,5004,5020,5036,5052,5140,5156
  14 00 00 00    x  77  @ 300,350,474,746,766,794,822,852,912,962,982,1934
  01 00 00 00    x  61  @ 25,1556,1878,2304,4856,4966,5096,5130,5740,5774,5808,5842
  00 01 00 00    x  60  @ 24,1555,1877,2303,4855,4965,5095,5129,5739,5773,5807,5841
  06 00 12 00    x  60  @ 1096,1132,1168,1204,1240,1276,1312,1348,1384,1420,1456,1492
  00 12 00 01    x  60  @ 1097,1133,1169,1205,1241,1277,1313,1349,1385,1421,1457,1493
  12 00 01 00    x  60  @ 1098,1134,1170,1206,1242,1278,1314,1350,1386,1422,1458,1494
  0A 00 00 00    x  60  @ 1127,1163,1199,1235,1271,1307,1343,1379,1415,1451,1487,1523
  01 00 08 00    x  53  @ 4812,4882,5000,5016,5032,5136,5240,5256,5272,5288,5304,5320
  00 08 00 01    x  53  @ 4813,4883,5001,5017,5033,5137,5241,5257,5273,5289,5305,5321
  08 00 01 00    x  53  @ 4814,4884,5002,5018,5034,5138,5242,5258,5274,5290,5306,5322