====================================================================================================
FILE        30705D3A.CAD
PATH        Raw Data from Controller\CAD\project\L3\P7\M5\30705D3A.CAD
SIZE        3639 bytes
====================================================================================================

--- FIRST 256 BYTES ---
     0  02 00 00 00 00 00 00 00 00 00 6B 06 00 00 00 00  |..........k.....|
    16  00 00 00 00 00 00 00 00 00 01 00 00 00 00 00 00  |................|
    32  00 00 00 00 00 00 00 00 00 00 00 00 00 00 00 00  |................|
    48  00 00 00 00 00 00 00 00 00 00 00 00 00 00 00 00  |................|
    64  00 00 00 00 00 00 00 00 00 00 00 00 00 00 00 00  |................|
    80  00 00 00 00 00 00 00 00 00 00 00 00 00 00 00 00  |................|
    96  00 00 00 00 00 00 00 00 00 00 00 00 00 00 00 00  |................|
   112  00 00 00 00 00 00 00 00 00 00 1C 00 F4 FF 04 00  |................|
   128  04 00 00 00 00 00 00 00 00 00 BC 00 3E 00 0C 00  |............>...|
   144  37 31 30 37 6C 69 62 31 00 00 00 00 00 00 00 00  |7107lib1........|
   160  00 00 D0 CA D7 CC 06 46 00 00 00 00 00 00 00 00  |.......F........|
   176  00 00 00 00 00 00 00 00 00 00 00 00 00 00 00 00  |................|
   192  00 00 00 00 00 00 00 00 00 00 00 00 00 00 00 00  |................|
   208  00 00 00 00 00 00 00 00 00 00 00 00 00 00 00 00  |................|
   224  00 00 00 00 00 00 00 00 00 00 00 00 00 00 00 00  |................|
   240  00 00 00 00 00 00 00 00 00 00 00 00 00 00 B1 DE  |................|

--- LAST 64 BYTES ---
  3575  00 05 00 9A 09 25 00 01 00 01 00 0D 00 9E 09 24  |.....%.........$|
  3591  00 00 00 00 00 00 00 00 00 00 00 00 00 00 00 00  |................|
  3607  00 08 00 01 00 42 43 43 6F C5 41 54 52 C5 4C 49  |.....BCCo.ATR.LI|
  3623  53 54 00 45 4E 44 C5 43 41 44 C5 46 49 4C 45 00  |ST.END.CAD.FILE.|

--- STRING TABLE (123 runs, minLen=2) ---
  offset  len  before(6B)               after(6B)                text
     144    8  BC 00 3E 00 0C 00        00 00 00 00 00 00        "7107lib1"
     270    8  CA 03 F2 12 4E 0C        DC 05 E8 03 00 00        "DBORDH  "
     286    8  E8 03 00 00 01 01        00 00 00 00 00 00        "        "
     320    8  14 05 94 11 80 0C        DC 05 14 05 00 00        "LINE    "
     336    8  14 05 00 00 01 01        00 00 00 00 00 00        "        "
     370    8  64 05 E7 09 8C 05        D0 07 78 05 00 00        "IREF    "
     386   16  78 05 00 00 01 00        00 00 00 00 00 00        "DI1-25B/322PC216"
     416   10  00 00 00 00 00 00        00 00 00 00 09 00        "BA25-05.22"
     444    8  14 05 98 08 40 06        D0 07 DC 05 00 00        "RDI01B1 "
     460    8  DC 05 00 00 01 01        00 00 00 00 00 00        "        "
     494    8  2C 06 E7 09 54 06        D0 07 40 06 00 00        "IREF    "
     510   11  40 06 00 00 01 00        00 00 00 00 00 00        "D322XS-M215"
     540   10  00 00 00 00 00 00        00 00 00 00 08 00        "BAP6-05.26"
     568    8  90 06 E7 09 B8 06        D0 07 A4 06 00 00        "IREF    "
     584   18  A4 06 00 00 01 00        00 00 00 00 00 00        "DI3-3A/322AUX-M209"
     614   10  00 00 00 00 00 00        00 00 00 00 09 00        "BA03-07.14"
     642    8  40 06 98 08 6C 07        D0 07 08 07 00 00        "RDI01A3 "
     658    8  08 07 00 00 01 01        00 00 00 00 00 00        "        "
     692    8  58 07 E7 09 80 07        D0 07 6C 07 00 00        "IREF    "
     708   13  6C 07 00 00 01 00        00 00 00 00 00 00        "D322AUT-M208B"
     738   10  00 00 00 00 00 00        00 00 00 00 08 00        "BAP1-15.26"
     766    8  BC 07 E7 09 E4 07        D0 07 D0 07 00 00        "IREF    "
     782   11  D0 07 00 00 01 00        00 00 00 00 00 00        "D322XS-M207"
     812   10  00 00 00 00 00 00        00 00 00 00 08 00        "BAO5-01.26"
     840    8  20 08 E7 09 48 08        D0 07 34 08 00 00        "IREF    "
     856   17  34 08 00 00 01 00        00 00 00 00 00 00        "DI6-22B/322XS206B"
     886   10  00 00 00 00 00 00        00 00 00 00 09 00        "BA22-11.22"
     914    8  D0 07 98 08 FC 08        D0 07 98 08 00 00        "RDI01B6 "
     930    8  98 08 00 00 01 01        00 00 00 00 00 00        "        "
     964    8  E8 08 E7 09 10 09        D0 07 FC 08 00 00        "IREF    "
     980   17  FC 08 00 00 01 00        00 00 00 00 00 00        "DI5-22B/322XS206A"
    1010   10  00 00 00 00 00 00        00 00 00 00 09 00        "BA22-10.22"
    1038    8  98 08 98 08 C4 09        D0 07 60 09 00 00        "RDI01B5 "
    1054    8  60 09 00 00 01 01        00 00 00 00 00 00        "        "
    1088    8  B0 09 E7 09 D8 09        D0 07 C4 09 00 00        "IREF    "
    1104   11  C4 09 00 00 01 00        00 00 00 00 00 00        "D322XS-M206"
    1134   10  00 00 00 00 00 00        00 00 00 00 08 00        "BAO3-05.26"
    1162    8  14 0A E7 09 3C 0A        D0 07 28 0A 00 00        "IREF    "
    1178   11  28 0A 00 00 01 00        00 00 00 00 00 00        "D322XS-M205"
    1208   10  00 00 00 00 00 00        00 00 00 00 08 00        "BAO2-05.26"
    1236    8  78 0A E7 09 A0 0A        D0 07 8C 0A 00 00        "IREF    "
    1252   17  8C 0A 00 00 01 00        00 00 00 00 00 00        "DI3-22B/322PC204B"
    1282   10  00 00 00 00 00 00        00 00 00 00 09 00        "BA22-08.22"
    1310    8  28 0A 98 08 54 0B        D0 07 F0 0A 00 00        "RDI01B3 "
    1326    8  F0 0A 00 00 01 01        00 00 00 00 00 00        "        "
    1360    8  40 0B E7 09 68 0B        D0 07 54 0B 00 00        "IREF    "
    1376   17  54 0B 00 00 01 00        00 00 00 00 00 00        "DI2-22B/322PC204A"
    1406   10  00 00 00 00 00 00        00 00 00 00 09 00        "BA22-07.22"
    1434    8  F0 0A 98 08 1C 0C        D0 07 B8 0B 00 00        "RDI01B2 "
    1450    8  B8 0B 00 00 01 01        00 00 00 00 00 00        "        "
    1488   10  4C 06 14 00 00 00        05 00 0F 00 01 00        "322-M215.0"
    1516   12  78 07 14 00 00 00        05 00 0E 00 01 00        "322-M208B.1 "
    1546   10  DC 07 14 00 00 00        05 00 0E 00 01 00        "322-M207.1"
    1574   10  D0 09 14 00 00 00        05 00 0E 00 01 00        "322-M206.0"
    1602   10  34 0A 14 00 00 00        05 00 0F 00 01 00        "322-M205.1"
    1630   12  E8 05 14 00 00 00        05 00 0F 00 01 00        "062-01/02-B "
    1660   12  14 07 14 00 00 00        05 00 0F 00 01 00        "061-05/06-D "
    1690   12  A4 08 14 00 00 00        05 00 0F 00 01 00        "062-07/08-A "
    1720   12  6C 09 14 00 00 00        05 00 0F 00 01 00        "062-07/08-A "
    1750   12  FC 0A 14 00 00 00        05 00 0F 00 01 00        "062-07/08-A "
    1780   12  C4 0B 14 00 00 00        09 00 19 00 01 00        "062-07/08-A "
    1806    9  14 05 98 08 DC 05        08 DC 05 00 00 01        "DI1SYS  4"
    1822    8  DC 05 00 00 01 01        00 00 00 00 00 00        "        "
    1856    9  40 06 98 08 08 07        08 08 07 00 00 01        "DI1SYS  4"
    1872    8  08 07 00 00 01 01        00 00 00 00 00 00        "        "
    1906    9  D0 07 98 08 98 08        08 98 08 00 00 01        "DI1SYS  4"
    1922    8  98 08 00 00 01 01        00 00 00 00 00 00        "        "
    1956    9  98 08 98 08 60 09        08 60 09 00 00 01        "DI1SYS  4"
    1972    8  60 09 00 00 01 01        00 00 00 00 00 00        "        "
    2006    9  28 0A 98 08 F0 0A        08 F0 0A 00 00 01        "DI1SYS  4"
    2022    8  F0 0A 00 00 01 01        00 00 00 00 00 00        "        "
    2056    9  F0 0A 98 08 B8 0B        08 B8 0B 00 00 01        "DI1SYS  4"
    2072    8  B8 0B 00 00 01 01        00 00 00 00 00 00        "        "
    2110    8  38 06 14 00 00 00        01 00 0C 00 01 00        "BLK-2300"
    2300    8  3A 07 E6 0A 9E 07        8C 0A 6C 07 00 00        "AND2    "
    2336    8  CA 08 E6 0A 2E 09        8C 0A FC 08 00 00        "AND2    "
    2372    8  22 0B E6 0A 86 0B        8C 0A 54 0B 00 00        "AND2    "
    2544    8  A2 08 7B 0C 4C 09        1C 0C FC 08 00 00        "QOR     "
    2596    9  E3 08 08 11 10 09        10 FC 08 00 00 01        "OREF    h"
    2612   40  FC 08 00 00 01 00        00 00 00 00 05 00        "                  D322SAP200-2BAD5-06.07"
    2674    2  00 04 28 00 00 00        05 00 11 00 01 00        "P "
    2694   16  A4 04 1E 00 00 00        05 00 10 00 01 00        "BARK GROUP START"
    2728   14  C2 04 1E 00 00 00        05 00 0E 00 01 00        "NO. 2 WOODYARD"
    2760   10  08 09 14 00 00 00        05 00 0A 00 01 00        "322-200.2 "
    2788    2  00 04 28 00 00 00        05 00 0C 00 01 00        "B "
    2808    6  00 04 28 00 00 00        05 00 0C 00 01 00        "92165 "
    2832    6  30 04 14 00 00 00        05 00 0A 00 01 00        "920327"
    2856    2  00 04 28 00 00 00        05 00 0E 00 01 00        "L "
    2876   10  00 04 28 00 00 00        05 00 10 00 01 00        "322-200.1 "
    2904   14  E4 04 14 00 00 00        05 00 0D 00 01 00        "MILL EXPANSION"
    2936    8  30 04 14 00 00 00        05 00 0D 00 01 00        "C216560 "
    2962    8  20 0A 14 00 00 00        05 00 0D 00 01 00        "BLK 3170"
    2988    8  C8 07 14 00 00 00        05 00 0D 00 01 00        "BLK 3345"
    3014    8  BC 09 14 00 00 00        05 00 0D 00 01 00        "BLK 3643"
    3040    8  64 07 14 00 00 00        05 00 0F 00 01 00        "BLK 3600"
    3066   12  1F 0B 14 00 00 00        05 00 0F 00 01 00        "3-07-05-22.0"
    3096   12  57 0A 14 00 00 00        05 00 0F 00 01 00        "3-07-05-22.0"
    3126   12  C7 08 14 00 00 00        05 00 0F 00 01 00        "3-07-05-22.0"
    3156   12  FF 07 14 00 00 00        05 00 0F 00 01 00        "3-07-05-22.0"
    3186   12  6F 06 14 00 00 00        05 00 0F 00 01 00        "3-07-05-03.0"
    3216   12  7F 05 14 00 00 00        05 00 0D 00 01 00        "3-07-05-25.0"
    3246    8  30 04 14 00 00 00        05 00 0B 00 01 00        "30705D3 "
    3272    4  38 0B 14 00 00 00        05 00 0B 00 01 00        "1431"
    3294    4  70 0A 14 00 00 00        05 00 0B 00 01 00        "1432"
    3316    4  E0 08 14 00 00 00        05 00 0B 00 01 00        "1434"
    3338    4  18 08 14 00 00 00        05 00 0B 00 01 00        "1435"
    3360    4  88 06 14 00 00 00        05 00 0B 00 01 00        "1082"
    3382    4  5C 05 14 00 00 00        05 00 0A 00 01 00        "1450"
    3404    2  6C 04 14 00 00 00        05 00 0A 00 01 00        "RP"
    3424    2  00 04 28 00 00 00        05 00 0E 00 01 00        "A "
    3444   10  30 04 14 00 00 00        05 00 0A 00 01 00        "MARC/2005 "
    3472    2  44 04 14 00 00 00        05 00 0E 00 01 00        "A "
    3492   10  44 04 14 00 00 00        05 00 0A 00 01 00        "MARC/2005 "
    3520    2  44 04 14 00 00 00        05 00 0A 00 01 00        "RP"
    3540    6  44 04 14 00 00 00        C5 53 50 43 C5 4C        "RPBCCo"
    3547    3  50 42 43 43 6F C5        C5 4C 49 53 54 00        "SPC"
    3551    4  6F C5 53 50 43 C5        00 05 00 9D 09 25        "LIST"
    3612    4  00 00 08 00 01 00        C5 41 54 52 C5 4C        "BCCo"
    3617    3  00 42 43 43 6F C5        C5 4C 49 53 54 00        "ATR"
    3621    4  6F C5 41 54 52 C5        00 45 4E 44 C5 43        "LIST"
    3626    3  C5 4C 49 53 54 00        C5 43 41 44 C5 46        "END"
    3630    3  54 00 45 4E 44 C5        C5 46 49 4C 45 00        "CAD"
    3634    4  44 C5 43 41 44 C5        00                       "FILE"

--- TOP 24 BYTE VALUES ---
  0x00      count=1166
  0x20 ' '  count=255
  0x01      count=174
  0x08      count=131
  0x32 '2'  count=124
  0x07      count=97
  0x30 '0'  count=97
  0x05      count=72
  0x2D '-'  count=63
  0x14      count=61
  0x09      count=59
  0x0A      count=59
  0x0B      count=51
  0x33 '3'  count=47
  0x31 '1'  count=42
  0x44 'D'  count=42
  0x42 'B'  count=37
  0xD0      count=37
  0x41 'A'  count=36
  0x49 'I'  count=35
  0x04      count=32
  0x35 '5'  count=31
  0x52 'R'  count=30
  0x06      count=28

--- REPEATED 2-BYTE PATTERNS (top 15) ---
  00 00          x 691  @ 1,2,3,4,5,6,7,8,12,13,14,15
  20 20          x 174  @ 276,286,287,288,289,290,291,292,324,325,326,336
  00 01          x 147  @ 24,259,283,309,333,359,383,433,457,483,507,557
  01 00          x 146  @ 25,260,310,360,384,434,484,508,558,582,632,682
  05 00          x  54  @ 331,381,455,1470,1498,1528,1556,1584,1612,1642,1672,1702
  14 00          x  53  @ 300,350,474,672,944,1068,1340,1464,1484,1512,1542,1570
  32 32          x  36  @ 395,424,512,592,710,784,860,865,888,894,984,989
  D0 07          x  34  @ 362,378,452,486,502,560,576,650,684,700,758,774
  2D 30          x  28  @ 420,544,618,816,1138,1212,1286,1410,1633,1663,1693,1723
  08 00          x  25  @ 356,480,554,678,752,826,851,925,950,975,1074,1148
  09 00          x  21  @ 256,306,430,628,900,1024,1049,1099,1296,1420,1792,1842
  33 32          x  21  @ 394,511,591,709,783,864,988,1105,1179,1260,1384,1488
  6C 07          x  20  @ 436,634,640,702,906,1030,1302,1426,1506,1798,1848,1898
  00 42          x  19  @ 415,539,613,737,811,885,1009,1133,1207,1281,1405,2109
  32 30          x  19  @ 599,717,790,869,993,1112,1186,1265,1389,1521,1551,1579

--- REPEATED 3-BYTE PATTERNS (top 15) ---
  00 00 00       x 552  @ 1,2,3,4,5,6,7,12,13,14,15,16
  20 20 20       x 135  @ 286,287,288,289,290,291,324,325,336,337,338,339
  00 01 00       x 133  @ 24,259,309,359,383,433,483,507,557,581,631,681
  14 00 00       x  53  @ 300,350,474,672,944,1068,1340,1464,1484,1512,1542,1570
  00 00 01       x  33  @ 23,282,332,382,456,506,580,654,704,778,852,926
  33 32 32       x  19  @ 394,511,591,709,783,864,988,1105,1179,1260,1384,1488
  00 00 42       x  18  @ 414,538,612,736,810,884,1008,1132,1206,1280,1404,2108
  20 05 00       x  18  @ 1527,1641,1671,1701,1731,1761,2675,2769,2789,2813,2857,2885
  01 00 01       x  18  @ 2122,2146,2162,2186,2210,2234,2258,2274,2398,2422,2446,2470
  00 08 00       x  17  @ 355,479,553,677,751,825,949,1073,1147,1221,1345,2143
  20 D0 07       x  17  @ 377,451,501,575,649,699,773,847,921,971,1045,1095
  25 00 01       x  15  @ 358,482,556,680,754,828,952,1076,1150,1224,1348,2584
  09 00 19       x  14  @ 256,306,430,628,900,1024,1296,1420,1792,1842,1892,1942
  00 19 00       x  14  @ 257,307,431,629,901,1025,1297,1421,1793,1843,1893,1943
  19 00 01       x  14  @ 258,308,432,630,902,1026,1298,1422,1794,1844,1894,1944

--- REPEATED 4-BYTE PATTERNS (top 15) ---
  00 00 00 00    x 443  @ 1,2,3,4,5,6,12,13,14,15,16,17
  20 20 20 20    x 103  @ 286,287,288,289,290,324,336,337,338,339,340,374
  14 00 00 00    x  53  @ 300,350,474,672,944,1068,1340,1464,1484,1512,1542,1570
  00 00 01 00    x  19  @ 23,382,506,580,704,778,852,976,1100,1174,1248,1372
  00 00 00 42    x  18  @ 413,537,611,735,809,883,1007,1131,1205,1279,1403,2107
  00 01 00 01    x  18  @ 2121,2145,2161,2185,2209,2233,2257,2273,2397,2421,2445,2469
  01 00 01 00    x  18  @ 2122,2146,2162,2186,2210,2234,2258,2274,2398,2422,2446,2470
  25 00 01 00    x  15  @ 358,482,556,680,754,828,952,1076,1150,1224,1348,2584
  09 00 19 00    x  14  @ 256,306,430,628,900,1024,1296,1420,1792,1842,1892,1942
  00 19 00 01    x  14  @ 257,307,431,629,901,1025,1297,1421,1793,1843,1893,1943
  19 00 01 00    x  14  @ 258,308,432,630,902,1026,1298,1422,1794,1844,1894,1944
  00 00 01 01    x  14  @ 282,332,456,654,926,1050,1322,1446,1818,1868,1918,1968
  00 01 01 20    x  14  @ 283,333,457,655,927,1051,1323,1447,1819,1869,1919,1969
  01 01 20 20    x  14  @ 284,334,458,656,928,1052,1324,1448,1820,1870,1920,1970
  01 20 20 20    x  14  @ 285,335,459,657,929,1053,1325,1449,1821,1871,1921,1971