====================================================================================================
FILE        30705D6A.CAD
PATH        Raw Data from Controller\CAD\project\L3\P7\M5\30705D6A.CAD
SIZE        12587 bytes
====================================================================================================

--- FIRST 256 BYTES ---
     0  02 00 00 00 00 00 00 00 00 00 C3 16 00 00 00 00  |................|
    16  00 00 00 00 00 00 00 00 00 01 00 00 00 00 00 00  |................|
    32  00 00 00 00 00 00 00 00 00 00 00 00 00 00 00 00  |................|
    48  00 00 00 00 00 00 00 00 00 00 00 00 00 00 00 00  |................|
    64  00 00 00 00 00 00 00 00 00 00 00 00 00 00 00 00  |................|
    80  00 00 00 00 00 00 00 00 00 00 00 00 00 00 00 00  |................|
    96  00 00 00 00 00 00 00 00 00 00 00 00 00 00 00 00  |................|
   112  00 00 00 00 00 00 00 00 00 00 3E 01 93 FF 3C 00  |..........>...<.|
   128  3C 00 00 00 00 00 00 00 00 00 14 0A F4 02 AE 00  |<...............|
   144  37 31 30 37 6C 69 62 31 00 00 00 00 00 00 00 00  |7107lib1........|
   160  00 00 D0 CA 9B CD 06 46 00 00 00 00 00 00 00 00  |.......F........|
   176  00 00 00 00 00 00 00 00 00 00 00 00 00 00 00 00  |................|
   192  00 00 00 00 00 00 00 00 00 00 00 00 00 00 00 00  |................|
   208  00 00 00 00 00 00 00 00 00 00 00 00 00 00 00 00  |................|
   224  00 00 00 00 00 00 00 00 00 00 00 00 00 00 00 00  |................|
   240  00 00 00 00 00 00 00 00 00 00 00 00 00 00 B1 DE  |................|

--- LAST 64 BYTES ---
 12523  00 01 00 01 00 04 00 07 0B 21 00 00 00 07 00 35  |.........!.....5|
 12539  0B 23 00 00 00 01 00 00 00 20 41 05 00 F5 0A 25  |.#....... A....%|
 12555  00 01 00 01 00 42 43 43 6F C5 41 54 52 C5 4C 49  |.....BCCo.ATR.LI|
 12571  53 54 00 45 4E 44 C5 43 41 44 C5 46 49 4C 45 00  |ST.END.CAD.FILE.|

--- STRING TABLE (312 runs, minLen=2) ---
  offset  len  before(6B)               after(6B)                text
     144    8  14 0A F4 02 AE 00        00 00 00 00 00 00        "7107lib1"
     270    8  CA 03 F2 12 4E 0C        DC 05 E8 03 00 00        "DBORDH  "
     286    8  E8 03 00 00 01 01        00 00 00 00 00 00        "        "
     320    8  14 05 94 11 80 0C        DC 05 14 05 00 00        "LINE    "
     336    8  14 05 00 00 01 01        00 00 00 00 00 00        "        "
     370    8  2C 06 E7 09 54 06        D0 07 40 06 00 00        "IREF    "
     386   11  40 06 00 00 01 00        00 00 00 00 00 00        "D322SP200-4"
     416   10  00 00 00 00 00 00        00 00 00 00 08 00        "BAD8-00.26"
     444    8  BC 07 E7 09 E4 07        D0 07 D0 07 00 00        "IREF    "
     460   18  D0 07 00 00 01 00        00 00 00 00 00 00        "DI3-5A/322AUX-M633"
     490   10  00 00 00 00 00 00        00 00 00 00 09 00        "BA05-06.14"
     518    8  6C 07 98 08 98 08        D0 07 34 08 00 00        "RDI01A3 "
     534    8  34 08 00 00 01 01        00 00 00 00 00 00        "        "
     568    8  D4 08 E7 09 FC 08        D0 07 E8 08 00 00        "IREF    "
     584   18  E8 08 00 00 01 00        00 00 00 00 00 00        "DI1-3A/322AUX-M205"
     614   10  00 00 00 00 00 00        00 00 00 00 09 00        "BA03-05.14"
     642    8  84 08 98 08 B0 09        D0 07 4C 09 00 00        "RDI01A1 "
     658    8  4C 09 00 00 01 01        00 00 00 00 00 00        "        "
     692    8  EC 09 E7 09 14 0A        D0 07 00 0A 00 00        "IREF    "
     708   18  00 0A 00 00 01 00        00 00 00 00 00 00        "DI2-3A/322AUX-M206"
     738   10  00 00 00 00 00 00        00 00 00 00 09 00        "BA03-06.14"
     766    8  9C 09 98 08 C8 0A        D0 07 64 0A 00 00        "RDI01A2 "
     782    8  64 0A 00 00 01 01        00 00 00 00 00 00        "        "
     816    8  04 0B E7 09 2C 0B        D0 07 18 0B 00 00        "IREF    "
     832   20  18 0B 00 00 01 00        00 00 00 00 00 00        "DI7-14A/322AUXF-M207"
     862   10  00 00 00 00 00 00        00 00 00 00 09 00        "BA14-12.15"
     890    8  B4 0A 98 08 E0 0B        D0 07 7C 0B 00 00        "RDI01A7 "
     906    8  7C 0B 00 00 01 01        00 00 00 00 00 00        "        "
     940    8  A4 0B E7 09 CC 0B        D0 07 B8 0B 00 00        "IREF    "
     956    9  B8 0B 00 00 01 00        00 00 00 00 00 00        "D322SP200"
     986   10  00 00 00 00 00 00        00 00 00 00 08 00        "BAD5-07.26"
    1014    8  E0 0B E7 09 08 0C        D0 07 F4 0B 00 00        "IREF    "
    1030   11  F4 0B 00 00 01 00        00 00 00 00 00 00        "D322ST200-1"
    1060   10  00 00 00 00 00 00        00 00 00 00 05 00        "BAD5-06.26"
    1092   12  40 08 14 00 00 00        05 00 0F 00 01 00        "061-01/02-D1"
    1122   12  58 09 14 00 00 00        05 00 0F 00 01 00        "061-05/06-D "
    1152   12  70 0A 14 00 00 00        05 00 0F 00 01 00        "061-05/06-D "
    1182   12  88 0B 14 00 00 00        09 00 19 00 01 00        "061-07/08-D1"
    1208    9  6C 07 98 08 34 08        08 34 08 00 00 01        "DI1SYS  4"
    1224    8  34 08 00 00 01 01        00 00 00 00 00 00        "        "
    1258    9  84 08 98 08 4C 09        08 4C 09 00 00 01        "DI1SYS  4"
    1274    8  4C 09 00 00 01 01        00 00 00 00 00 00        "        "
    1308    9  9C 09 98 08 64 0A        08 64 0A 00 00 01        "DI1SYS  4"
    1324    8  64 0A 00 00 01 01        00 00 00 00 00 00        "        "
    1358    9  B4 0A 98 08 7C 0B        08 7C 0B 00 00 01        "DI1SYS  4"
    1374    8  7C 0B 00 00 01 01        00 00 00 00 00 00        "        "
    1428    6  F0 09 28 00 00 00        05 00 0C 00 01 00        "STEP 3"
    1452    6  08 0B 28 00 00 00        05 00 0C 00 01 00        "STEP 2"
    1476    6  20 0C 28 00 00 00        06 00 12 00 01 00        "STEP 1"
    1496    8  66 08 46 0A A2 08        EC 09 84 08 00 00        "OR2     "
    1532    8  7E 09 46 0A BA 09        EC 09 9C 09 00 00        "OR2     "
    1568    8  96 0A 46 0A D2 0A        EC 09 B4 0A 00 00        "OR2     "
    1604    8  AE 0B 46 0A EA 0B        EC 09 CC 0B 00 00        "OR2     "
    1640    8  0C 08 E6 0A 34 08        8C 0A 20 08 00 00        "NOT     "
    1676    8  43 08 E6 0A C0 08        8C 0A AC 08 00 00        "SR      "
    1712    8  24 09 E6 0A 4C 09        8C 0A 38 09 00 00        "NOT     "
    1748    8  5B 09 E6 0A D8 09        8C 0A C4 09 00 00        "SR      "
    1784    8  3C 0A E6 0A 64 0A        8C 0A 50 0A 00 00        "NOT     "
    1820    8  73 0A E6 0A F0 0A        8C 0A DC 0A 00 00        "SR      "
    1856    8  54 0B E6 0A 7C 0B        8C 0A 68 0B 00 00        "NOT     "
    1892    8  8B 0B E6 0A 08 0C        8C 0A F4 0B 00 00        "SR      "
    1928    9  EE 0B 5B 0B F9 0B        0B F4 0B 00 00 01        "N90CNECTT"
    1982    8  B2 07 12 0C 16 08        B8 0B E4 07 00 00        "AND2    "
    2018    8  CA 08 12 0C 2E 09        B8 0B FC 08 00 00        "AND2    "
    2054    8  E2 09 12 0C 46 0A        B8 0B 14 0A 00 00        "AND2    "
    2090    8  FA 0A 12 0C 5E 0B        B8 0B 2C 0B 00 00        "AND2    "
    2126    8  16 08 76 0C 7A 08        1C 0C 48 08 00 00        "AND2    "
    2162    8  46 0A 76 0C AA 0A        1C 0C 78 0A 00 00        "AND2    "
    2198    8  5E 0B 76 0C C2 0B        1C 0C 90 0B 00 00        "AND2    "
    2234    8  8A 0B 9B 0C 95 0B        94 0C 90 0B 00 00        "N90CNECT"
    2268    8  E4 07 66 0D 34 08        E4 0C 0C 08 00 00        "TD-DIG  "
    2308    8  40 08 14 00 00 00        06 00 12 00 01 00        "TO=5 SEC"
    2330    8  FC 08 66 0D 4C 09        E4 0C 24 09 00 00        "TD-DIG  "
    2370    8  58 09 14 00 00 00        06 00 12 00 01 00        "TO=5 SEC"
    2392    8  14 0A 66 0D 64 0A        E4 0C 3C 0A 00 00        "TD-DIG  "
    2432    8  70 0A 14 00 00 00        06 00 12 00 01 00        "TO=5 SEC"
    2454    8  2C 0B 66 0D 7C 0B        E4 0C 54 0B 00 00        "TD-DIG  "
    2494   10  88 0B 14 00 00 00        06 00 12 00 01 00        "TO=10 SEC "
    2518    8  F8 07 2E 0E 20 08        D4 0D 0C 08 00 00        "NOT     "
    2554    8  10 09 2E 0E 38 09        D4 0D 24 09 00 00        "NOT     "
    2590    8  28 0A 2E 0E 50 0A        D4 0D 3C 0A 00 00        "NOT     "
    2626    8  40 0B 2E 0E 68 0B        D4 0D 54 0B 00 00        "NOT     "
    2662    8  02 08 1E 0F 66 08        C4 0E 34 08 00 00        "AND2    "
    2698    8  5C 08 2E 0E 84 08        D4 0D 70 08 00 00        "NOT     "
    2734    8  84 08 46 0F D4 08        C4 0E AC 08 00 00        "TD-DIG  "
    2774   10  A4 08 14 00 00 00        06 00 12 00 01 00        "TO=10 SEC "
    2798    8  1A 09 1E 0F 7E 09        C4 0E 4C 09 00 00        "AND2    "
    2834    8  74 09 2E 0E 9C 09        D4 0D 88 09 00 00        "NOT     "
    2870    8  9C 09 46 0F EC 09        C4 0E C4 09 00 00        "TD-DIG  "
    2910   10  BC 09 14 00 00 00        06 00 12 00 01 00        "TO=10 SEC "
    2934    8  32 0A 1E 0F 96 0A        C4 0E 64 0A 00 00        "AND2    "
    2970    8  8C 0A 2E 0E B4 0A        D4 0D A0 0A 00 00        "NOT     "
    3006    8  B4 0A 46 0F 04 0B        C4 0E DC 0A 00 00        "TD-DIG  "
    3046   10  D4 0A 14 00 00 00        06 00 12 00 01 00        "TO=10 SEC "
    3070    8  4A 0B 1E 0F AE 0B        C4 0E 7C 0B 00 00        "AND2    "
    3106    8  A4 0B 2E 0E CC 0B        D4 0D B8 0B 00 00        "NOT     "
    3142    8  CC 0B 46 0F 1C 0C        C4 0E F4 0B 00 00        "TD-DIG  "
    3182   10  EC 0B 14 00 00 00        08 00 25 00 01 00        "TO=20 SEC "
    3206    9  5F 05 08 11 8C 05        10 78 05 00 00 01        "OREF    h"
    3222   40  78 05 00 00 01 00        00 00 00 00 08 00        "                   D322ST200-5BAD8-01.07"
    3280    9  CB 07 08 11 F8 07        10 E4 07 00 00 01        "OREF    h"
    3296   40  E4 07 00 00 01 00        00 00 00 00 08 00        "                   D322ST-M633BAU1-02.07"
    3354    9  1B 08 08 11 48 08        10 34 08 00 00 01        "OREF    h"
    3370   40  34 08 00 00 01 00        00 00 00 00 08 00        "                   D322SP-M633BAU1-03.07"
    3428    9  57 08 08 11 84 08        10 70 08 00 00 01        "OREF    h"
    3444   40  70 08 00 00 01 00        00 00 00 00 08 00        "                  D322AUT-M633BAU1-06.07"
    3502    9  93 08 08 11 C0 08        10 AC 08 00 00 01        "OREF    h"
    3518   40  AC 08 00 00 01 00        00 00 00 00 08 00        "                   D322FA200-4BAD5-10.07"
    3576    9  E3 08 08 11 10 09        10 FC 08 00 00 01        "OREF    h"
    3592   40  FC 08 00 00 01 00        00 00 00 00 08 00        "                   D322ST-M205BAO2-02.07"
    3650    9  33 09 08 11 60 09        10 4C 09 00 00 01        "OREF    h"
    3666   40  4C 09 00 00 01 00        00 00 00 00 08 00        "                   D322SP-M205BAO2-03.07"
    3724    9  6F 09 08 11 9C 09        10 88 09 00 00 01        "OREF    h"
    3740   40  88 09 00 00 01 00        00 00 00 00 08 00        "                  D322AUT-M205BAO2-06.07"
    3798    9  AB 09 08 11 D8 09        10 C4 09 00 00 01        "OREF    h"
    3814   40  C4 09 00 00 01 00        00 00 00 00 08 00        "                   D322FA200-3BAD5-09.07"
    3872    9  FB 09 08 11 28 0A        10 14 0A 00 00 01        "OREF    h"
    3888   40  14 0A 00 00 01 00        00 00 00 00 08 00        "                   D322ST-M206BAO3-02.07"
    3946    9  4B 0A 08 11 78 0A        10 64 0A 00 00 01        "OREF    h"
    3962   40  64 0A 00 00 01 00        00 00 00 00 08 00        "                   D322SP-M206BAO3-03.07"
    4020    9  87 0A 08 11 B4 0A        10 A0 0A 00 00 01        "OREF    h"
    4036   40  A0 0A 00 00 01 00        00 00 00 00 08 00        "                  D322AUT-M206BAO3-06.07"
    4094    9  C3 0A 08 11 F0 0A        10 DC 0A 00 00 01        "OREF    h"
    4110   40  DC 0A 00 00 01 00        00 00 00 00 08 00        "                   D322FA200-2BAD5-08.07"
    4168    9  13 0B 08 11 40 0B        10 2C 0B 00 00 01        "OREF    h"
    4184   40  2C 0B 00 00 01 00        00 00 00 00 08 00        "                   D322ST-M207BAO5-01.07"
    4242    9  63 0B 08 11 90 0B        10 7C 0B 00 00 01        "OREF    h"
    4258   40  7C 0B 00 00 01 00        00 00 00 00 08 00        "                   D322SP-M207BAO5-02.07"
    4316    9  9F 0B 08 11 CC 0B        10 B8 0B 00 00 01        "OREF    h"
    4332   40  B8 0B 00 00 01 00        00 00 00 00 08 00        "                  D322AUT-M207BAO5-05.07"
    4390    9  DB 0B 08 11 08 0C        10 F4 0B 00 00 01        "OREF    h"
    4406   40  F4 0B 00 00 01 00        00 00 00 00 05 00        "                   D322FA200-1BAD5-08.07"
    4468    2  00 04 28 00 00 00        05 00 11 00 01 00        "P "
    4488   16  A4 04 1E 00 00 00        05 00 10 00 01 00        "BARK GROUP START"
    4522   14  C2 04 1E 00 00 00        05 00 0E 00 01 00        "NO. 2 WOODYARD"
    4554   10  F0 07 14 00 00 00        05 00 0E 00 01 00        "322-M633.1"
    4582   10  40 08 14 00 00 00        05 00 0E 00 01 00        "322-M633.1"
    4610   10  7C 08 14 00 00 00        05 00 0E 00 01 00        "322-M633.1"
    4638   10  08 09 14 00 00 00        05 00 0E 00 01 00        "322-M205.1"
    4666   10  58 09 14 00 00 00        05 00 0E 00 01 00        "322-M205.1"
    4694   10  94 09 14 00 00 00        05 00 0E 00 01 00        "322-M205.1"
    4722   10  20 0A 14 00 00 00        05 00 0E 00 01 00        "322-M206.0"
    4750   10  70 0A 14 00 00 00        05 00 0E 00 01 00        "322-M206.0"
    4778   10  AC 0A 14 00 00 00        05 00 0E 00 01 00        "322-M206.0"
    4806   10  38 0B 14 00 00 00        05 00 0E 00 01 00        "322-M207.1"
    4834   10  88 0B 14 00 00 00        05 00 0E 00 01 00        "322-M207.1"
    4862   10  C4 0B 14 00 00 00        05 00 0A 00 01 00        "322-M207.1"
    4890    2  00 04 28 00 00 00        05 00 0C 00 01 00        "B "
    4910    6  00 04 28 00 00 00        05 00 0C 00 01 00        "92165 "
    4934    6  30 04 14 00 00 00        05 00 0A 00 01 00        "920327"
    4958    2  00 04 28 00 00 00        05 00 10 00 01 00        "L "
    4978   14  E4 04 14 00 00 00        05 00 0D 00 01 00        "MILL EXPANSION"
    5010    8  30 04 14 00 00 00        01 00 08 00 01 00        "C216560 "
    5088    9  12 0B 43 0A 1D 0B        0A 18 0B 00 00 01        "N90CNECT<"
    5182    9  8A 0B 5B 0B 95 0B        0B 90 0B 00 00 01        "N90CNECTT"
    5256    9  D6 0A 33 0B E1 0A        0B DC 0A 00 00 01        "N90CNECT,"
    5334    8  2E 09 76 0C 92 09        1C 0C 60 09 00 00        "AND2    "
    5374    6  D8 08 28 00 00 00        01 00 08 00 01 00        "STEP 4"
    5690    9  8E 07 33 0B 99 07        0B 94 07 00 00 01        "N90CNECT,"
    5724    9  A6 08 33 0B B1 08        0B AC 08 00 00 01        "N90CNECT,"
    5758    9  BE 09 33 0B C9 09        0B C4 09 00 00 01        "N90CNECT,"
    5792    9  D6 0A 5B 0B E1 0A        0B DC 0A 00 00 01        "N90CNECTT"
    5826    9  BE 09 5B 0B C9 09        0B C4 09 00 00 01        "N90CNECTT"
    5860    9  A6 08 5B 0B B1 08        0B AC 08 00 00 01        "N90CNECTT"
    5894    9  8E 07 5B 0B 99 07        0B 94 07 00 00 01        "N90CNECTT"
    6272    8  42 08 9B 0C 4D 08        94 0C 48 08 00 00        "N90CNECT"
    6306    8  06 08 8B 0D 11 08        84 0D 0C 08 00 00        "N90CNECT"
    6412    8  A6 08 8B 0D B1 08        84 0D AC 08 00 00        "N90CNECT"
    6966    8  1E 09 8B 0D 29 09        84 0D 24 09 00 00        "N90CNECT"
    7000    8  36 0A 8B 0D 41 0A        84 0D 3C 0A 00 00        "N90CNECT"
    7034    8  4E 0B 8B 0D 59 0B        84 0D 54 0B 00 00        "N90CNECT"
    7068    8  72 0A 9B 0C 7D 0A        94 0C 78 0A 00 00        "N90CNECT"
    7102    8  5A 09 9B 0C 65 09        94 0C 60 09 00 00        "N90CNECT"
    7136    8  BE 09 8B 0D C9 09        84 0D C4 09 00 00        "N90CNECT"
    7170    8  D6 0A 8B 0D E1 0A        84 0D DC 0A 00 00        "N90CNECT"
    7204    8  EE 0B 8B 0D F9 0B        84 0D F4 0B 00 00        "N90CNECT"
    7298    8  8C 05 E7 09 B4 05        D0 07 A0 05 00 00        "IREF    "
    7314   18  A0 05 00 00 01 00        00 00 00 00 00 00        "DI6-3A/322AUX-M223"
    7344   10  00 00 00 00 00 00        00 00 00 00 08 00        "BA03-10.14"
    7372    8  A4 06 E7 09 CC 06        D0 07 B8 06 00 00        "IREF    "
    7388   18  B8 06 00 00 01 00        00 00 00 00 00 00        "DI5-3A/322AUX-M222"
    7418   10  00 00 00 00 00 00        00 00 00 00 05 00        "BA03-09.14"
    7450   12  10 06 14 00 00 00        05 00 0F 00 01 00        "061-01/02-D1"
    7480   12  28 07 14 00 00 00        09 00 19 00 01 00        "061-05/06-D "
    7506    9  3C 05 98 08 04 06        08 04 06 00 00 01        "DI1SYS  4"
    7522    8  04 06 00 00 01 01        00 00 00 00 00 00        "        "
    7556    9  54 06 98 08 1C 07        08 1C 07 00 00 01        "DI1SYS  4"
    7572    8  1C 07 00 00 01 01        00 00 00 00 00 00        "        "
    7606    8  36 06 46 0A 72 06        EC 09 54 06 00 00        "OR2     "
    7642    8  4E 07 46 0A 8A 07        EC 09 6C 07 00 00        "OR2     "
    7678    8  DC 05 E6 0A 04 06        8C 0A F0 05 00 00        "NOT     "
    7714    8  13 06 E6 0A 90 06        8C 0A 7C 06 00 00        "SR      "
    7750    8  F4 06 E6 0A 1C 07        8C 0A 08 07 00 00        "NOT     "
    7786    8  2B 07 E6 0A A8 07        8C 0A 94 07 00 00        "SR      "
    7822    8  82 05 12 0C E6 05        B8 0B B4 05 00 00        "AND2    "
    7858    8  9A 06 12 0C FE 06        B8 0B CC 06 00 00        "AND2    "
    7894    8  E6 05 76 0C 4A 06        1C 0C 18 06 00 00        "AND2    "
    7930    8  B4 05 66 0D 04 06        E4 0C DC 05 00 00        "TD-DIG  "
    7970    8  10 06 14 00 00 00        06 00 12 00 01 00        "TO=5 SEC"
    7992    8  CC 06 66 0D 1C 07        E4 0C F4 06 00 00        "TD-DIG  "
    8032    8  28 07 14 00 00 00        06 00 12 00 01 00        "TO=5 SEC"
    8054    8  C8 05 2E 0E F0 05        D4 0D DC 05 00 00        "NOT     "
    8090    8  E0 06 2E 0E 08 07        D4 0D F4 06 00 00        "NOT     "
    8126    8  D2 05 1E 0F 36 06        C4 0E 04 06 00 00        "AND2    "
    8162    8  2C 06 2E 0E 54 06        D4 0D 40 06 00 00        "NOT     "
    8198    8  54 06 46 0F A4 06        C4 0E 7C 06 00 00        "TD-DIG  "
    8238   10  74 06 14 00 00 00        06 00 12 00 01 00        "TO=10 SEC "
    8262    8  EA 06 1E 0F 4E 07        C4 0E 1C 07 00 00        "AND2    "
    8298    8  44 07 2E 0E 6C 07        D4 0D 58 07 00 00        "NOT     "
    8334    8  6C 07 46 0F BC 07        C4 0E 94 07 00 00        "TD-DIG  "
    8374   10  8C 07 14 00 00 00        08 00 25 00 01 00        "TO=10 SEC "
    8398    9  9B 05 08 11 C8 05        10 B4 05 00 00 01        "OREF    h"
    8414   40  B4 05 00 00 01 00        00 00 00 00 08 00        "                   D322ST-M223BAP8-02.07"
    8472    9  EB 05 08 11 18 06        10 04 06 00 00 01        "OREF    h"
    8488   40  04 06 00 00 01 00        00 00 00 00 08 00        "                   D322SP-M223BAP8-03.07"
    8546    9  27 06 08 11 54 06        10 40 06 00 00 01        "OREF    h"
    8562   40  40 06 00 00 01 00        00 00 00 00 08 00        "                  D322AUT-M223BAP8-06.07"
    8620    9  63 06 08 11 90 06        10 7C 06 00 00 01        "OREF    h"
    8636   40  7C 06 00 00 01 00        00 00 00 00 08 00        "                   D322FA200-6BAD5-11.07"
    8694    9  B3 06 08 11 E0 06        10 CC 06 00 00 01        "OREF    h"
    8710   40  CC 06 00 00 01 00        00 00 00 00 08 00        "                   D322ST-M222BAP7-02.07"
    8768    9  03 07 08 11 30 07        10 1C 07 00 00 01        "OREF    h"
    8784   40  1C 07 00 00 01 00        00 00 00 00 08 00        "                   D322SP-M222BAP7-03.07"
    8842    9  3F 07 08 11 6C 07        10 58 07 00 00 01        "OREF    h"
    8858   40  58 07 00 00 01 00        00 00 00 00 08 00        "                  D322AUT-M222BAP7-06.07"
    8916    9  7B 07 08 11 A8 07        10 94 07 00 00 01        "OREF    h"
    8932   40  94 07 00 00 01 00        00 00 00 00 06 00        "                   D322FA200-5BAD5-10.07"
    8990    8  FE 06 76 0C 62 07        1C 0C 30 07 00 00        "AND2    "
    9206    9  76 06 33 0B 81 06        0B 7C 06 00 00 01        "N90CNECT,"
    9240    9  8E 07 33 0B 99 07        0B 94 07 00 00 01        "N90CNECT,"
    9274    9  8E 07 5B 0B 99 07        0B 94 07 00 00 01        "N90CNECTT"
    9308    9  76 06 5B 0B 81 06        0B 7C 06 00 00 01        "N90CNECTT"
    9538    8  12 06 9B 0C 1D 06        94 0C 18 06 00 00        "N90CNECT"
    9572    8  D6 05 8B 0D E1 05        84 0D DC 05 00 00        "N90CNECT"
    9678    8  76 06 8B 0D 81 06        84 0D 7C 06 00 00        "N90CNECT"
    9912    8  EE 06 8B 0D F9 06        84 0D F4 06 00 00        "N90CNECT"
    9946    8  2A 07 9B 0C 35 07        94 0C 30 07 00 00        "N90CNECT"
    9980    8  8E 07 8B 0D 99 07        84 0D 94 07 00 00        "N90CNECT"
   10074    9  9A 05 43 0A A5 05        0A A0 05 00 00 01        "N90CNECT<"
   10108    9  B2 06 43 0A BD 06        0A B8 06 00 00 01        "N90CNECT<"
   10142    9  CA 07 43 0A D5 07        0A D0 07 00 00 01        "N90CNECT<"
   10176    9  E2 08 43 0A ED 08        0A E8 08 00 00 01        "N90CNECT<"
   10210    9  FA 09 43 0A 05 0A        0A 00 0A 00 00 01        "N90CNECT<"
   10248    6  C0 07 28 00 00 00        05 00 0C 00 01 00        "STEP 5"
   10272    6  A8 06 28 00 00 00        09 00 19 00 01 00        "STEP 6"
   10292    8  54 06 98 08 80 07        D0 07 1C 07 00 00        "RDI01A5 "
   10346    4  9C 06 14 00 00 00        05 00 0B 00 01 00        "1084"
   10368    4  84 05 14 00 00 00        09 00 19 00 01 00        "1085"
   10386    8  3C 05 98 08 68 06        D0 07 04 06 00 00        "RDI01A6 "
   10440   10  84 05 14 00 00 00        05 00 0E 00 01 00        "322-200.4 "
   10468   10  C0 05 14 00 00 00        05 00 0E 00 01 00        "322-M223.0"
   10496   10  A0 07 14 00 00 00        05 00 0E 00 01 00        "322-200.2 "
   10524   10  64 07 14 00 00 00        05 00 0E 00 01 00        "322-M222.0"
   10552   10  28 07 14 00 00 00        05 00 0E 00 01 00        "322-M222.0"
   10580   10  D8 06 14 00 00 00        05 00 0E 00 01 00        "322-M222.0"
   10608   10  88 06 14 00 00 00        05 00 0E 00 01 00        "322-200.2 "
   10636   10  10 06 14 00 00 00        05 00 0E 00 01 00        "322-M223.0"
   10664   10  4C 06 14 00 00 00        05 00 0E 00 01 00        "322-M223.0"
   10692   10  4C 06 14 00 00 00        01 00 0A 00 01 00        "322-200.4 "
   10736    9  B2 0B 7B 09 BD 0B        09 B8 0B 00 00 01        "N90CNECTt"
   10770    9  AE 0A 7B 09 B9 0A        09 B4 0A 00 00 01        "N90CNECTt"
   10804    9  96 09 7B 09 A1 09        09 9C 09 00 00 01        "N90CNECTt"
   10838    9  7E 08 7B 09 89 08        09 84 08 00 00 01        "N90CNECTt"
   10872    9  66 07 7B 09 71 07        09 6C 07 00 00 01        "N90CNECTt"
   10970    9  42 08 5B 0B 4D 08        0B 48 08 00 00 01        "N90CNECTT"
   11004    9  5A 09 5B 0B 65 09        0B 60 09 00 00 01        "N90CNECTT"
   11038    9  12 06 5B 0B 1D 06        0B 18 06 00 00 01        "N90CNECTT"
   11072    9  2A 07 5B 0B 35 07        0B 30 07 00 00 01        "N90CNECTT"
   11106    9  72 0A 5B 0B 7D 0A        0B 78 0A 00 00 01        "N90CNECTT"
   11144   10  C4 0B 14 00 00 00        05 00 0E 00 01 00        "322-200.2 "
   11172   10  00 0C 14 00 00 00        05 00 0E 00 01 00        "322-200.2 "
   11200   10  00 0C 14 00 00 00        05 00 0E 00 01 00        "322-200.2 "
   11228   10  E8 0A 14 00 00 00        05 00 0E 00 01 00        "322-200.2 "
   11256   10  D0 09 14 00 00 00        05 00 0E 00 01 00        "322-200.2 "
   11284   10  B8 08 14 00 00 00        05 00 0E 00 01 00        "322-200.2 "
   11312   10  00 04 28 00 00 00        05 00 0D 00 01 00        "322-200.3 "
   11340    8  EC 0B 14 00 00 00        05 00 0D 00 01 00        "BLK 2468"
   11366    8  B0 0B 14 00 00 00        05 00 0D 00 01 00        "BLK 2469"
   11392    8  38 06 14 00 00 00        05 00 0F 00 01 00        "BLK 2607"
   11418   12  E3 0A 14 00 00 00        05 00 0F 00 01 00        "3-07-05-14.0"
   11448   12  CB 09 14 00 00 00        05 00 0F 00 01 00        "3-07-05-03.0"
   11478   12  B3 08 14 00 00 00        05 00 0F 00 01 00        "3-07-05-03.0"
   11508   12  9B 07 14 00 00 00        05 00 0F 00 01 00        "3-07-05-05.0"
   11538   12  D7 07 14 00 00 00        05 00 0F 00 01 00        "3-07-05-05.0"
   11568   12  D7 07 14 00 00 00        05 00 0F 00 01 00        "3-07-05-05.0"
   11598   12  6B 05 14 00 00 00        05 00 0F 00 01 00        "3-07-05-05.0"
   11628   12  83 06 14 00 00 00        05 00 0D 00 01 00        "3-07-05-03.0"
   11658    8  30 04 14 00 00 00        05 00 0B 00 01 00        "30705D6 "
   11684    4  FC 0A 14 00 00 00        05 00 0B 00 01 00        "1266"
   11706    4  E4 09 14 00 00 00        05 00 0B 00 01 00        "1081"
   11728    4  CC 08 14 00 00 00        05 00 0B 00 01 00        "1080"
   11750    4  B4 07 14 00 00 00        05 00 0A 00 01 00        "1122"
   11772    2  6C 04 14 00 00 00        05 00 0A 00 01 00        "RP"
   11792    2  00 04 28 00 00 00        05 00 0E 00 01 00        "A "
   11812   10  30 04 14 00 00 00        05 00 0A 00 01 00        "MARC/2005 "
   11840    2  44 04 14 00 00 00        05 00 0E 00 01 00        "A "
   11860   10  44 04 14 00 00 00        05 00 0A 00 01 00        "MARC/2005 "
   11888    2  44 04 14 00 00 00        05 00 0A 00 01 00        "RP"
   11908    6  44 04 14 00 00 00        C5 53 50 43 C5 4C        "RPBCCo"
   11915    3  50 42 43 43 6F C5        C5 4C 49 53 54 00        "SPC"
   11919    4  6F C5 53 50 43 C5        00 05 00 D9 0A 27        "LIST"
   12240    2  00 00 01 00 00 00        05 00 24 0B 25 00        " A"
   12272    2  00 00 01 00 00 00        05 00 18 0B 25 00        " A"
   12304    2  00 00 01 00 00 00        05 00 13 0B 25 00        " A"
   12516    2  00 00 01 00 00 00        05 00 36 0B 25 00        " A"
   12548    2  00 00 01 00 00 00        05 00 F5 0A 25 00        " A"
   12560    4  25 00 01 00 01 00        C5 41 54 52 C5 4C        "BCCo"
   12565    3  00 42 43 43 6F C5        C5 4C 49 53 54 00        "ATR"
   12569    4  6F C5 41 54 52 C5        00 45 4E 44 C5 43        "LIST"
   12574    3  C5 4C 49 53 54 00        C5 43 41 44 C5 46        "END"
   12578    3  54 00 45 4E 44 C5        C5 46 49 4C 45 00        "CAD"
   12582    4  44 C5 43 41 44 C5        00                       "FILE"

--- TOP 24 BYTE VALUES ---
  0x00      count=3344
  0x20 ' '  count=1056
  0x01      count=813
  0x0B      count=398
  0x0A      count=390
  0x08      count=344
  0x30 '0'  count=274
  0x32 '2'  count=269
  0x07      count=223
  0x09      count=220
  0x06      count=212
  0x05      count=180
  0x54 'T'  count=178
  0x0E      count=175
  0x2D '-'  count=150
  0x4E 'N'  count=141
  0x0C      count=139
  0x11      count=139
  0x0D      count=130
  0x44 'D'  count=128
  0x33 '3'  count=125
  0x43 'C'  count=124
  0x14      count=113
  0x45 'E'  count=104

--- REPEATED 2-BYTE PATTERNS (top 15) ---
  00 00          x1445  @ 1,2,3,4,5,6,7,8,12,13,14,15
  20 20          x 832  @ 276,286,287,288,289,290,291,292,324,325,326,336
  01 00          x 784  @ 25,260,310,360,384,434,458,508,558,582,632,682
  00 01          x 697  @ 24,259,283,309,333,359,383,433,457,507,531,557
  05 00          x 121  @ 331,1074,1104,1134,1164,1410,1434,1458,2290,2352,2414,2476
  08 00          x 115  @ 356,430,529,554,579,678,802,926,1000,1219,1396,1507
  0A 00          x 105  @ 703,777,1319,1513,1549,1579,1585,1621,1657,1693,1729,1765
  0B 00          x 102  @ 827,901,951,1025,1369,1615,1867,1903,1914,1939,2101,2209
  00 08          x  92  @ 355,429,553,677,801,925,999,1395,3265,3339,3413,3487
  14 00          x  90  @ 300,350,548,672,796,920,1088,1118,1148,1178,1238,1288
  32 32          x  85  @ 388,468,592,716,841,958,1032,3243,3317,3391,3464,3539
  06 00          x  84  @ 381,1482,1518,1554,1590,1626,1662,1698,1734,1770,1806,1842
  33 32          x  64  @ 387,467,591,715,840,957,1031,3242,3316,3390,3463,3538
  00 12          x  62  @ 1483,1519,1555,1591,1627,1663,1699,1735,1771,1807,1843,1879
  12 00          x  62  @ 1484,1520,1556,1592,1628,1664,1700,1736,1772,1808,1844,1880

--- REPEATED 3-BYTE PATTERNS (top 15) ---
  00 00 00       x 963  @ 1,2,3,4,5,6,7,12,13,14,15,16
  20 20 20       x 693  @ 286,287,288,289,290,291,324,325,336,337,338,339
  00 01 00       x 681  @ 24,259,309,359,383,433,457,507,557,581,631,681
  00 00 01       x 184  @ 23,282,332,382,456,530,580,654,704,778,828,902
  01 00 01       x 135  @ 1398,1952,2848,5022,5038,5062,5112,5132,5156,5206,5280,5308
  00 08 00       x  86  @ 355,429,553,677,801,925,999,1395,3265,3339,3413,3487
  14 00 00       x  85  @ 300,350,548,672,796,920,1088,1118,1148,1178,1238,1288
  01 00 00       x  64  @ 25,1942,2248,2604,5102,5196,5270,5704,5738,5772,5806,5840
  0A 00 00       x  64  @ 703,777,1319,1513,1549,1579,1585,1621,1657,1693,1729,1765
  33 32 32       x  63  @ 387,467,591,715,840,957,1031,3242,3316,3390,3463,3538
  01 00 08       x  61  @ 1394,5018,5058,5152,5208,5304,5380,5456,5472,5488,5576,5974
  06 00 12       x  60  @ 1482,1518,1554,1590,1626,1662,1698,1734,1770,1806,1842,1878
  00 12 00       x  60  @ 1483,1519,1555,1591,1627,1663,1699,1735,1771,1807,1843,1879
  12 00 01       x  60  @ 1484,1520,1556,1592,1628,1664,1700,1736,1772,1808,1844,1880
  08 00 01       x  55  @ 1396,5020,5060,5154,5306,5382,5458,5474,5490,5578,5976,5992

--- REPEATED 4-BYTE PATTERNS (top 15) ---
  00 00 00 00    x 639  @ 1,2,3,4,5,6,12,13,14,15,16,17
  20 20 20 20    x 573  @ 286,287,288,289,290,324,336,337,338,339,340,374
  00 00 01 00    x 170  @ 23,382,456,580,704,828,952,1026,1392,1508,1544,1580
  00 01 00 01    x 135  @ 1397,1951,2847,5021,5037,5061,5111,5131,5155,5205,5279,5307
  01 00 01 00    x 134  @ 1398,1952,5022,5038,5062,5112,5132,5156,5206,5280,5308,5384
  14 00 00 00    x  85  @ 300,350,548,672,796,920,1088,1118,1148,1178,1238,1288
  01 00 00 00    x  63  @ 25,1942,2248,5102,5196,5270,5704,5738,5772,5806,5840,5874
  00 01 00 00    x  62  @ 24,1941,2247,2603,5101,5195,5269,5703,5737,5771,5805,5839
  06 00 12 00    x  60  @ 1482,1518,1554,1590,1626,1662,1698,1734,1770,1806,1842,1878
  00 12 00 01    x  60  @ 1483,1519,1555,1591,1627,1663,1699,1735,1771,1807,1843,1879
  12 00 01 00    x  60  @ 1484,1520,1556,1592,1628,1664,1700,1736,1772,1808,1844,1880
  01 00 08 00    x  55  @ 1394,5018,5058,5152,5304,5380,5456,5472,5488,5576,5974,5990
  00 08 00 01    x  55  @ 1395,5019,5059,5153,5305,5381,5457,5473,5489,5577,5975,5991
  08 00 01 00    x  55  @ 1396,5020,5060,5154,5306,5382,5458,5474,5490,5578,5976,5992
  25 00 01 00    x  52  @ 358,432,556,680,804,928,1002,3194,3268,3342,3416,3490