====================================================================================================
FILE        30705D5A.CAD
PATH        Raw Data from Controller\CAD\project\L3\P7\M5\30705D5A.CAD
SIZE        5356 bytes
====================================================================================================

--- FIRST 256 BYTES ---
     0  02 00 00 00 00 00 00 00 00 00 90 09 00 00 00 00  |................|
    16  00 00 00 00 00 00 00 00 00 01 00 00 00 00 00 00  |................|
    32  00 00 00 00 00 00 00 00 00 00 00 00 00 00 00 00  |................|
    48  00 00 00 00 00 00 00 00 00 00 00 00 00 00 00 00  |................|
    64  00 00 00 00 00 00 00 00 00 00 00 00 00 00 00 00  |................|
    80  00 00 00 00 00 00 00 00 00 00 00 00 00 00 00 00  |................|
    96  00 00 00 00 00 00 00 00 00 00 00 00 00 00 00 00  |................|
   112  00 00 00 00 00 00 00 00 00 00 51 00 EF FF 09 00  |..........Q.....|
   128  09 00 00 00 00 00 00 00 00 00 36 02 B8 00 32 00  |..........6...2.|
   144  37 31 30 37 6C 69 62 31 00 00 00 00 00 00 00 00  |7107lib1........|
   160  00 00 D0 CA 92 E6 30 4D 00 00 00 00 00 00 00 00  |......0M........|
   176  00 00 00 00 00 00 00 00 00 00 00 00 00 00 00 00  |................|
   192  00 00 00 00 00 00 00 00 00 00 00 00 00 00 00 00  |................|
   208  00 00 00 00 00 00 00 00 00 00 00 00 00 00 00 00  |................|
   224  00 00 00 00 00 00 00 00 00 00 00 00 00 00 00 00  |................|
   240  00 00 00 00 00 00 00 00 00 00 00 00 00 00 B1 DE  |................|

--- LAST 64 BYTES ---
  5292  23 00 00 00 00 00 00 00 00 00 0D 00 A2 09 24 00  |#.............$.|
  5308  00 00 00 00 00 00 00 00 00 00 00 00 00 00 00 00  |................|
  5324  08 00 01 00 42 43 43 6F C5 41 54 52 C5 4C 49 53  |....BCCo.ATR.LIS|
  5340  54 00 45 4E 44 C5 43 41 44 C5 46 49 4C 45 00 42  |T.END.CAD.FILE.B|

--- STRING TABLE (160 runs, minLen=2) ---
  offset  len  before(6B)               after(6B)                text
     144    8  36 02 B8 00 32 00        00 00 00 00 00 00        "7107lib1"
     166    2  00 00 D0 CA 92 E6        00 00 00 00 00 00        "0M"
     270    8  C9 03 FA 12 53 0C        DC 05 E8 03 00 00        "DBORDH  "
     320    8  3C 05 45 11 3B 0C        DC 05 14 05 00 00        "LINE    "
     370    8  54 06 AD 08 7D 06        D0 07 68 06 00 00        "IREF    "
     386   12  68 06 00 00 01 00        00 00 00 00 00 00        "D322FA200-12"
     416   10  00 00 00 00 00 00        00 00 00 00 08 00        "BAD8-15.26"
     444    8  90 06 AD 08 B9 06        D0 07 A4 06 00 00        "IREF    "
     460   12  A4 06 00 00 01 00        00 00 00 00 00 00        "D322FA200-11"
     490   10  00 00 00 00 00 00        00 00 00 00 08 00        "BAD8-12.26"
     518    8  CC 06 AD 08 F5 06        D0 07 E0 06 00 00        "IREF    "
     534   12  E0 06 00 00 01 00        00 00 00 00 00 00        "D322FA200-10"
     564   10  00 00 00 00 00 00        00 00 00 00 08 00        "BAD8-09.26"
     592    8  08 07 AD 08 31 07        D0 07 1C 07 00 00        "IREF    "
     608   11  1C 07 00 00 01 00        00 00 00 00 00 00        "D322FA200-9"
     638   10  00 00 00 00 00 00        00 00 00 00 08 00        "BAD8-06.26"
     666    8  44 07 AD 08 6D 07        D0 07 58 07 00 00        "IREF    "
     682   11  58 07 00 00 01 00        00 00 00 00 00 00        "D322FA200-8"
     712   10  00 00 00 00 00 00        00 00 00 00 08 00        "BAD8-03.26"
     740    8  80 07 AD 08 A9 07        D0 07 94 07 00 00        "IREF    "
     756   11  94 07 00 00 01 00        00 00 00 00 00 00        "D322FA200-7"
     786   10  00 00 00 00 00 00        00 00 00 00 08 00        "BAD8-01.26"
     814    8  BC 07 AD 08 E5 07        D0 07 D0 07 00 00        "IREF    "
     830   11  D0 07 00 00 01 00        00 00 00 00 00 00        "D322FA200-6"
     860   10  00 00 00 00 00 00        00 00 00 00 08 00        "BAD6-14.26"
     888    8  F8 07 AD 08 21 08        D0 07 0C 08 00 00        "IREF    "
     904   11  0C 08 00 00 01 00        00 00 00 00 00 00        "D322FA200-5"
     934   10  00 00 00 00 00 00        00 00 00 00 08 00        "BAD6-12.26"
     962    8  48 08 AD 08 71 08        D0 07 5C 08 00 00        "IREF    "
     978   11  5C 08 00 00 01 00        00 00 00 00 00 00        "D322FA200-4"
    1008   10  00 00 00 00 00 00        00 00 00 00 08 00        "BAD6-09.26"
    1036    8  84 08 AD 08 AD 08        D0 07 98 08 00 00        "IREF    "
    1052   11  98 08 00 00 01 00        00 00 00 00 00 00        "D322FA200-3"
    1082   10  00 00 00 00 00 00        00 00 00 00 08 00        "BAD6-06.26"
    1110    8  C0 08 AD 08 E9 08        D0 07 D4 08 00 00        "IREF    "
    1126   11  D4 08 00 00 01 00        00 00 00 00 00 00        "D322FA200-2"
    1156   10  00 00 00 00 00 00        00 00 00 00 08 00        "BAD6-03.26"
    1184    8  FC 08 AD 08 25 09        D0 07 10 09 00 00        "IREF    "
    1200   11  10 09 00 00 01 00        00 00 00 00 00 00        "D322FA200-1"
    1230   10  00 00 00 00 00 00        00 00 00 00 08 00        "BAD6-00.26"
    1258    8  4C 09 AD 08 75 09        D0 07 60 09 00 00        "IREF    "
    1274    9  60 09 00 00 01 00        00 00 00 00 00 00        "D322RS200"
    1304   10  00 00 00 00 00 00        00 00 00 00 01 00        "BAD8-17.26"
    1348    9  24 09 84 0A 51 09        0A 38 09 00 00 01        "NOT     ("
    1384    9  42 09 A0 0C 7E 09        0C 60 09 00 00 01        "OR2     D"
    1420    9  76 07 B0 0B 25 08        0B D0 07 00 00 01        "QOR     T"
    1456    9  3E 08 B0 0B ED 08        0B 98 08 00 00 01        "QOR     T"
    1492    9  16 08 CC 0D B1 08        0D 98 08 00 00 01        "RCM     H"
    1528    9  1A 09 CC 0D B5 09        0D 9C 09 00 00 01        "RCM     H"
    1628    9  32 09 7A 0E 3E 09        0E 38 09 00 00 01        "N90CNECTt"
    1662    9  96 09 7A 0E A2 09        0E 9C 09 00 00 01        "N90CNECTt"
    1728    8  24 09 34 0F 51 09        D8 0E 38 09 00 00        "NOT     "
    1764    8  74 09 5C 0F C4 09        D8 0E 9C 09 00 00        "TD-DIG  "
    1804    4  EC 09 14 00 00 00        08 00 25 00 01 00        "P=0 "
    1822    9  23 09 08 11 4C 09        10 38 09 00 00 01        "OREF    h"
    1838   40  38 09 00 00 01 00        00 00 00 00 08 00        "                     D322SP200BAD6-01.07"
    1896    9  87 09 08 11 B0 09        10 9C 09 00 00 01        "OREF    h"
    1912   40  9C 09 00 00 01 00        00 00 00 00 05 00        "                   D322ST200-1BAD6-00.07"
    1974    2  10 04 28 00 00 00        05 00 11 00 01 00        "P "
    1994   16  B0 04 1E 00 00 00        05 00 10 00 01 00        "BARK GROUP START"
    2028   14  CE 04 1E 00 00 00        05 00 0E 00 01 00        "NO. 2 WOODYARD"
    2060   10  24 09 14 00 00 00        05 00 0A 00 01 00        "322-200.4 "
    2088    2  10 04 28 00 00 00        05 00 0C 00 01 00        "B "
    2108    6  10 04 28 00 00 00        05 00 0C 00 01 00        "92165 "
    2132    6  38 04 14 00 00 00        05 00 0A 00 01 00        "920327"
    2156    2  10 04 28 00 00 00        05 00 10 00 01 00        "L "
    2176   14  EC 04 14 00 00 00        05 00 0D 00 01 00        "MILL EXPANSION"
    2208    8  38 04 14 00 00 00        05 00 0F 00 01 00        "C216560 "
    2234   12  C0 09 1E 00 00 00        05 00 0F 00 01 00        "322HS-200-1 "
    2264   12  E3 08 1E 00 00 00        01 00 0C 00 01 00        "322HS-200-2 "
    2470    8  92 08 FA 0B 9E 08        F4 0B 98 08 00 00        "N90CNECT"
    2780    9  D2 0A A0 0C 81 0B        0C 2C 0B 00 00 01        "QOR     D"
    2816    8  54 0B AD 08 7D 0B        D0 07 68 0B 00 00        "IREF    "
    2832   11  68 0B 00 00 01 00        00 00 00 00 00 00        "D322XS-M222"
    2862   10  00 00 00 00 00 00        00 00 00 00 08 00        "BAP7-05.26"
    2890    8  18 0B AD 08 41 0B        D0 07 2C 0B 00 00        "IREF    "
    2906   11  2C 0B 00 00 01 00        00 00 00 00 00 00        "D322XS-M223"
    2936   10  00 00 00 00 00 00        00 00 00 00 08 00        "BAP8-05.26"
    2964    8  DC 0A AD 08 05 0B        D0 07 F0 0A 00 00        "IREF    "
    2980   11  F0 0A 00 00 01 00        00 00 00 00 00 00        "D322XS-M633"
    3010   10  00 00 00 00 00 00        00 00 00 00 08 00        "BAU1-05.26"
    3038    8  A0 0A AD 08 C9 0A        D0 07 B4 0A 00 00        "IREF    "
    3054   17  B4 0A 00 00 01 00        00 00 00 00 00 00        "DI2-30A/322PC637A"
    3084   10  00 00 00 00 00 00        00 00 00 00 08 00        "BA30-06.14"
    3112    8  64 0A AD 08 8D 0A        D0 07 78 0A 00 00        "IREF    "
    3128   17  78 0A 00 00 01 00        00 00 00 00 00 00        "DI3-30A/322PC637B"
    3158   10  00 00 00 00 00 00        00 00 00 00 08 00        "BA30-07.14"
    3186    8  28 0A AD 08 51 0A        D0 07 3C 0A 00 00        "IREF    "
    3202   17  3C 0A 00 00 01 00        00 00 00 00 00 00        "DI4-30A/322PC637C"
    3232   10  00 00 00 00 00 00        00 00 00 00 08 00        "BA30-08.14"
    3260    8  EC 09 AD 08 15 0A        D0 07 00 0A 00 00        "IREF    "
    3276   12  00 0A 00 00 01 00        00 00 00 00 00 00        "D322SAP200-1"
    3306   10  00 00 00 00 00 00        00 00 00 00 08 00        "BAD2-06.26"
    3334    8  B0 09 AD 08 D9 09        D0 07 C4 09 00 00        "IREF    "
    3350   12  C4 09 00 00 01 00        00 00 00 00 00 00        "D322SAP200-2"
    3380   10  00 00 00 00 00 00        00 00 00 00 01 00        "BAD3-08.26"
    3424    8  82 09 EA 0C 8E 09        E4 0C 88 09 00 00        "N90CNECT"
    3714   10  D8 09 14 00 00 00        05 00 0E 00 01 00        "322-200.1 "
    3742   10  14 0A 14 00 00 00        05 00 0E 00 01 00        "322-200.0 "
    3770   10  50 0A 14 00 00 00        05 00 0E 00 01 00        "322-637.0 "
    3798   10  8C 0A 14 00 00 00        05 00 0E 00 01 00        "322-637.0 "
    3826   10  C8 0A 14 00 00 00        05 00 0E 00 01 00        "322-637.0 "
    3854   10  7C 0B 14 00 00 00        05 00 0E 00 01 00        "322-M222.0"
    3882   10  40 0B 14 00 00 00        05 00 0E 00 01 00        "322-M223.0"
    3910   10  04 0B 14 00 00 00        05 00 0E 00 01 00        "322-M633.1"
    3938   10  10 04 28 00 00 00        05 00 0E 00 01 00        "322-200.2 "
    3966   10  4C 09 14 00 00 00        05 00 0E 00 01 00        "322-200.3 "
    3994   10  B0 09 14 00 00 00        05 00 0E 00 01 00        "322-200.3 "
    4022   10  74 09 14 00 00 00        05 00 0E 00 01 00        "322-200.4 "
    4050   10  9C 09 14 00 00 00        05 00 0E 00 01 00        "322-200.3 "
    4078   10  24 09 14 00 00 00        05 00 0E 00 01 00        "322-200.3 "
    4106   10  E8 08 14 00 00 00        05 00 0E 00 01 00        "322-200.3 "
    4134   10  AC 08 14 00 00 00        05 00 0E 00 01 00        "322-200.3 "
    4162   10  70 08 14 00 00 00        05 00 0E 00 01 00        "322-200.3 "
    4190   10  20 08 14 00 00 00        05 00 0E 00 01 00        "322-200.3 "
    4218   10  E4 07 14 00 00 00        05 00 0E 00 01 00        "322-200.3 "
    4246   10  A8 07 14 00 00 00        05 00 0E 00 01 00        "322-200.4 "
    4274   10  6C 07 14 00 00 00        05 00 0E 00 01 00        "322-200.4 "
    4302   10  30 07 14 00 00 00        05 00 0E 00 01 00        "322-200.4 "
    4330   10  F4 06 14 00 00 00        05 00 0E 00 01 00        "322-200.4 "
    4358   10  B8 06 14 00 00 00        05 00 0E 00 01 00        "322-200.4 "
    4386   10  7C 06 14 00 00 00        05 00 0D 00 01 00        "322-200.4 "
    4414    8  68 0B 14 00 00 00        05 00 0D 00 01 00        "BLK 3820"
    4440    8  2C 0B 14 00 00 00        05 00 0D 00 01 00        "BLK 3805"
    4466    8  F0 0A 14 00 00 00        05 00 0D 00 01 00        "BLK 3659"
    4492    8  B4 0A 14 00 00 00        05 00 0D 00 01 00        "BLK 1541"
    4518    8  78 0A 14 00 00 00        05 00 0D 00 01 00        "BLK 1542"
    4544    8  3C 0A 14 00 00 00        05 00 0D 00 01 00        "BLK 1543"
    4570    8  00 0A 14 00 00 00        05 00 0D 00 01 00        "BLK 2457"
    4596    8  C4 09 14 00 00 00        05 00 0D 00 01 00        "BLK 2462"
    4622    8  60 09 14 00 00 00        05 00 0D 00 01 00        "BLK 2624"
    4648    8  10 09 14 00 00 00        05 00 0D 00 01 00        "BLK 2463"
    4674    8  D4 08 14 00 00 00        05 00 0D 00 01 00        "BLK 2834"
    4700    8  98 08 14 00 00 00        05 00 0D 00 01 00        "BLK 2838"
    4726    8  5C 08 14 00 00 00        05 00 0D 00 01 00        "BLK 2857"
    4752    8  0C 08 14 00 00 00        05 00 0D 00 01 00        "BLK 2869"
    4778    8  D0 07 14 00 00 00        05 00 0D 00 01 00        "BLK 2871"
    4804    8  94 07 14 00 00 00        05 00 0D 00 01 00        "BLK 2649"
    4830    8  58 07 14 00 00 00        05 00 0D 00 01 00        "BLK 2651"
    4856    8  1C 07 14 00 00 00        05 00 0D 00 01 00        "BLK 2653"
    4882    8  E0 06 14 00 00 00        05 00 0D 00 01 00        "BLK 2655"
    4908    8  A4 06 14 00 00 00        05 00 0D 00 01 00        "BLK 2659"
    4934    8  68 06 14 00 00 00        05 00 0D 00 01 00        "BLK 2661"
    4960    8  38 04 14 00 00 00        05 00 0A 00 01 00        "30705D5 "
    4986    2  74 04 14 00 00 00        05 00 0E 00 01 00        "RP"
    5006   10  38 04 14 00 00 00        05 00 0A 00 01 00        "MARC/2005 "
    5034    2  10 04 28 00 00 00        05 00 0A 00 01 00        "A "
    5054    2  4C 04 14 00 00 00        05 00 0E 00 01 00        "A "
    5074   10  4C 04 14 00 00 00        05 00 0A 00 01 00        "MARC/2005 "
    5102    2  4C 04 14 00 00 00        05 00 0A 00 01 00        "RP"
    5122    2  4C 04 14 00 00 00        05 00 0E 00 08 00        "RP"
    5142   14  1C 09 14 80 00 00        C5 53 50 43 C5 4C        "BAD8-01.07BCCo"
    5157    3  37 42 43 43 6F C5        C5 4C 49 53 54 00        "SPC"
    5161    4  6F C5 53 50 43 C5        00 04 00 9F 09 21        "LIST"
    5328    4  00 00 08 00 01 00        C5 41 54 52 C5 4C        "BCCo"
    5333    3  00 42 43 43 6F C5        C5 4C 49 53 54 00        "ATR"
    5337    4  6F C5 41 54 52 C5        00 45 4E 44 C5 43        "LIST"
    5342    3  C5 4C 49 53 54 00        C5 43 41 44 C5 46        "END"
    5346    3  54 00 45 4E 44 C5        C5 46 49 4C 45 00        "CAD"
    5350    4  44 C5 43 41 44 C5        00 42                    "FILE"

--- TOP 24 BYTE VALUES ---
  0x00      count=1711
  0x01      count=268
  0x20 ' '  count=250
  0x32 '2'  count=207
  0x08      count=200
  0x07      count=147
  0x30 '0'  count=133
  0x09      count=123
  0x33 '3'  count=93
  0x0B      count=86
  0x0A      count=84
  0x2D '-'  count=76
  0x05      count=75
  0x14      count=62
  0x0C      count=60
  0x0E      count=55
  0x36 '6'  count=55
  0x44 'D'  count=55
  0xD0      count=55
  0x41 'A'  count=53
  0x42 'B'  count=53
  0x2E '.'  count=51
  0x0D      count=45
  0x38 '8'  count=44

--- REPEATED 2-BYTE PATTERNS (top 15) ---
  00 00          x 995  @ 1,2,3,4,5,6,7,8,12,13,14,15
  01 00          x 266  @ 25,260,285,310,335,360,384,434,458,508,532,582
  00 01          x 233  @ 24,259,283,309,333,359,383,433,457,507,531,581
  20 20          x 144  @ 276,324,325,326,374,375,376,448,449,450,522,523
  05 00          x  70  @ 331,1786,1956,1976,2010,2042,2070,2090,2114,2138,2158,2190
  32 32          x  57  @ 388,462,536,610,684,758,832,906,980,1054,1128,1202
  14 00          x  57  @ 1800,2056,2128,2172,2204,3710,3738,3766,3794,3822,3850,3878
  D0 07          x  54  @ 362,378,436,452,510,526,584,600,658,674,732,748
  33 32          x  52  @ 387,461,535,609,683,757,831,905,979,1053,1127,1201
  08 00          x  48  @ 356,430,504,578,652,726,800,874,899,948,973,1022
  00 42          x  47  @ 415,489,563,637,711,785,859,933,1007,1081,1155,1229
  32 30          x  43  @ 392,466,540,614,688,762,836,910,984,1058,1132,1206
  30 30          x  43  @ 393,467,541,615,689,763,837,911,985,1059,1133,1207
  00 08          x  38  @ 355,429,503,577,651,725,799,873,947,1021,1095,1169
  20 05          x  34  @ 1975,2069,2089,2113,2157,2215,2245,3723,3751,3779,3807,3835

--- REPEATED 3-BYTE PATTERNS (top 15) ---
  00 00 00       x 811  @ 1,2,3,4,5,6,7,12,13,14,15,16
  00 01 00       x 231  @ 24,259,309,359,383,433,457,507,531,581,605,655
  20 20 20       x 108  @ 324,325,374,375,448,449,522,523,596,597,670,671
  14 00 00       x  57  @ 1800,2056,2128,2172,2204,3710,3738,3766,3794,3822,3850,3878
  33 32 32       x  51  @ 387,461,535,609,683,757,831,905,979,1053,1127,1201
  00 00 01       x  49  @ 23,282,332,382,456,530,604,678,752,826,900,974
  00 00 42       x  45  @ 414,488,562,636,710,784,858,932,1006,1080,1154,1228
  32 30 30       x  41  @ 392,466,540,614,688,762,836,910,984,1058,1132,1206
  01 00 01       x  39  @ 1322,1554,1586,1602,1686,1702,2280,2304,2328,2352,2380,2396
  00 08 00       x  38  @ 355,429,503,577,651,725,799,873,947,1021,1095,1169
  20 05 00       x  34  @ 1975,2069,2089,2113,2157,2215,2245,3723,3751,3779,3807,3835
  00 0E 00       x  30  @ 2043,2349,3697,3725,3753,3781,3809,3837,3865,3893,3921,3949
  05 00 0E       x  29  @ 2042,3696,3724,3752,3780,3808,3836,3864,3892,3920,3948,3976
  0E 00 01       x  29  @ 2044,2350,3698,3726,3754,3782,3810,3838,3866,3894,3922,3950
  00 00 33       x  29  @ 2058,2232,2262,3712,3740,3768,3796,3824,3852,3880,3908,3936

--- REPEATED 4-BYTE PATTERNS (top 15) ---
  00 00 00 00    x 666  @ 1,2,3,4,5,6,12,13,14,15,16,17
  20 20 20 20    x  74  @ 324,374,448,522,596,670,744,818,892,966,1040,1114
  14 00 00 00    x  57  @ 1800,2056,2128,2172,2204,3710,3738,3766,3794,3822,3850,3878
  00 00 01 00    x  47  @ 23,382,456,530,604,678,752,826,900,974,1048,1122
  00 00 00 42    x  44  @ 413,487,561,635,709,783,857,931,1005,1079,1153,1227
  00 01 00 01    x  39  @ 1321,1553,1585,1601,1685,1701,2279,2303,2327,2351,2379,2395
  01 00 01 00    x  39  @ 1322,1554,1586,1602,1686,1702,2280,2304,2328,2352,2380,2396
  05 00 0E 00    x  29  @ 2042,3696,3724,3752,3780,3808,3836,3864,3892,3920,3948,3976
  00 0E 00 01    x  29  @ 2043,2349,3697,3725,3753,3781,3809,3837,3865,3893,3921,3949
  0E 00 01 00    x  29  @ 2044,2350,3698,3726,3754,3782,3810,3838,3866,3894,3922,3950
  00 00 00 33    x  29  @ 2057,2231,2261,3711,3739,3767,3795,3823,3851,3879,3907,3935
  00 00 33 32    x  28  @ 2058,2232,2262,3712,3740,3768,3796,3824,3852,3880,3908,3936
  00 33 32 32    x  28  @ 2059,2233,2263,3713,3741,3769,3797,3825,3853,3881,3909,3937
  33 32 32 2D    x  26  @ 2060,3714,3742,3770,3798,3826,3854,3882,3910,3938,3966,3994
  00 00 00 08    x  23  @ 353,427,501,575,649,723,797,871,945,1019,1093,1167