====================================================================================================
FILE        30705C6A.CAD
PATH        Raw Data from Controller\CAD\project\L3\P7\M5\30705C6A.CAD
SIZE        5236 bytes
====================================================================================================

--- FIRST 256 BYTES ---
     0  02 00 00 00 00 00 00 00 00 00 07 09 00 00 00 00  |................|
    16  00 00 00 00 00 00 00 00 00 01 00 00 00 00 00 00  |................|
    32  00 00 00 00 00 00 00 00 00 00 00 00 00 00 00 00  |................|
    48  00 00 00 00 00 00 00 00 00 00 00 00 00 00 00 00  |................|
    64  00 00 00 00 00 00 00 00 00 00 00 00 00 00 00 00  |................|
    80  00 00 00 00 00 00 00 00 00 00 00 00 00 00 00 00  |................|
    96  00 00 00 00 00 00 00 00 00 00 00 00 00 00 00 00  |................|
   112  00 00 00 00 00 00 00 00 00 00 9E 00 E2 FF 10 00  |................|
   128  15 00 00 00 00 00 00 00 00 00 06 07 28 01 92 00  |............(...|
   144  37 31 30 37 6C 69 62 31 00 00 00 00 00 00 00 00  |7107lib1........|
   160  00 00 D0 CA 7F E5 30 4D 00 00 00 00 00 00 00 00  |......0M........|
   176  00 00 00 00 00 00 00 00 00 00 00 00 00 00 00 00  |................|
   192  00 00 00 00 00 00 00 00 00 00 00 00 00 00 00 00  |................|
   208  00 00 00 00 00 00 00 00 00 00 00 00 00 00 00 00  |................|
   224  00 00 00 00 00 00 00 00 00 00 00 00 00 00 00 00  |................|
   240  00 00 00 00 00 00 00 00 00 00 00 00 00 00 B1 DE  |................|

--- LAST 64 BYTES ---
  5172  00 00 01 00 00 00 0F 00 D3 00 1E 00 05 00 04 00  |................|
  5188  00 00 00 00 00 00 C8 42 00 00 A0 42 00 24 74 CA  |.......B...B.$t.|
  5204  00 00 80 3E 42 43 43 6F C5 41 54 52 C5 4C 49 53  |...>BCCo.ATR.LIS|
  5220  54 00 45 4E 44 C5 43 41 44 C5 46 49 4C 45 00 42  |T.END.CAD.FILE.B|

--- STRING TABLE (136 runs, minLen=2) ---
  offset  len  before(6B)               after(6B)                text
     144    8  06 07 28 01 92 00        00 00 00 00 00 00        "7107lib1"
     166    2  00 00 D0 CA 7F E5        00 00 00 00 00 00        "0M"
     270    8  C9 03 FA 12 53 0C        DC 05 E8 03 00 00        "DBORDH  "
     320    8  3C 05 45 11 3B 0C        DC 05 14 05 00 00        "LINE    "
     370    8  34 08 AD 08 5D 08        D0 07 48 08 00 00        "IREF    "
     386   17  48 08 00 00 01 00        00 00 00 00 00 00        "DI2-31B/322PSL156"
     416   10  00 00 00 00 00 00        00 00 00 00 08 00        "BA31-07.22"
     444    8  4C 09 AD 08 75 09        D0 07 60 09 00 00        "IREF    "
     460   16  60 09 00 00 01 00        00 00 00 00 00 00        "AI10-9/322TT152C"
     490   10  00 00 00 00 00 00        00 00 00 00 09 00        "BA09-11.18"
     518    8  33 09 77 08 DE 09        D0 07 C4 09 00 00        "TAI0510 "
     568    8  14 0A AD 08 3D 0A        D0 07 28 0A 00 00        "IREF    "
     584   15  28 0A 00 00 01 00        00 00 00 00 00 00        "AI9-9/322TT152B"
     614   10  00 00 00 00 00 00        00 00 00 00 09 00        "BA09-10.18"
     642    8  FB 09 77 08 A6 0A        D0 07 8C 0A 00 00        "TAI059  "
     692    8  DC 0A AD 08 05 0B        D0 07 F0 0A 00 00        "IREF    "
     708   15  F0 0A 00 00 01 00        00 00 00 00 00 00        "AI8-9/322TT152A"
     738   10  00 00 00 00 00 00        00 00 00 00 09 00        "BA09-09.18"
     766    8  C3 0A 77 08 6E 0B        D0 07 54 0B 00 00        "TAI058  "
     820    8  D8 09 14 00 00 00        05 00 0D 00 01 00        "061-03-A"
     846    8  A0 0A 14 00 00 00        05 00 0D 00 01 00        "061-03-A"
     872    8  68 0B 14 00 00 00        09 00 19 00 01 00        "061-03-A"
     894    9  74 09 4E 08 AB 09        08 C4 09 00 00 01        "AI5FLD  4"
     944    9  3C 0A 4E 08 73 0A        08 8C 0A 00 00 01        "AI5FLD  4"
     994    9  04 0B 4E 08 3B 0B        08 54 0B 00 00 01        "AI5FLD  4"
    1092    8  5A 09 CA 09 66 09        C4 09 60 09 00 00        "N90CNECT"
    1126    8  22 0A CA 09 2E 0A        C4 09 28 0A 00 00        "N90CNECT"
    1160    8  EA 0A CA 09 F6 0A        C4 09 F0 0A 00 00        "N90CNECT"
    1194    9  C0 08 AC 0A 15 09        0A E8 08 00 00 01        "H/L     ("
    1230    9  88 09 AC 0A DD 09        0A B0 09 00 00 01        "H/L     ("
    1266    9  50 0A AC 0A A5 0A        0A 78 0A 00 00 01        "H/L     ("
    1302    9  16 08 D0 0E C5 08        0E 70 08 00 00 01        "QOR     t"
    1354    8  5A 09 DE 0E 66 09        D8 0E 60 09 00 00        "N90CNECT"
    1388    8  22 0A DE 0E 2E 0A        D8 0E 28 0A 00 00        "N90CNECT"
    1442    8  EA 0A DE 0E F6 0A        D8 0E F0 0A 00 00        "N90CNECT"
    1612    9  E8 08 C0 0F 38 09        0F 10 09 00 00 01        "TREND   <"
    1648    9  38 09 C0 0F 88 09        0F 60 09 00 00 01        "AO/L    <"
    1684    9  B0 09 C0 0F 00 0A        0F D8 09 00 00 01        "TREND   <"
    1720    9  00 0A C0 0F 50 0A        0F 28 0A 00 00 01        "AO/L    <"
    1756    9  78 0A C0 0F C8 0A        0F A0 0A 00 00 01        "TREND   <"
    1792    9  C8 0A C0 0F 18 0B        0F F0 0A 00 00 01        "AO/L    <"
    1828    9  5B 08 08 11 84 08        10 70 08 00 00 01        "OREF    h"
    1844   40  70 08 00 00 01 00        00 00 00 00 08 00        "                 D322TAH-M122BBAM4-01.07"
    1902    9  BF 08 08 11 E8 08        10 D4 08 00 00 01        "OREF    h"
    1918   40  D4 08 00 00 01 00        00 00 00 00 08 00        "                   D322TAH152CBA57-10.07"
    1976    9  87 09 08 11 B0 09        10 9C 09 00 00 01        "OREF    h"
    1992   40  9C 09 00 00 01 00        00 00 00 00 08 00        "                   D322TAH152BBA57-09.07"
    2050    9  4F 0A 08 11 78 0A        10 64 0A 00 00 01        "OREF    h"
    2066   40  64 0A 00 00 01 00        00 00 00 00 05 00        "                   D322TAH152ABA57-09.07"
    2128    2  10 04 28 00 00 00        05 00 17 00 01 00        "P "
    2148   28  B0 04 1E 00 00 00        05 00 10 00 01 00        "DEBARKER #2 DRIVE MOTOR TEMP"
    2194   14  CE 04 1E 00 00 00        05 00 0E 00 01 00        "NO. 2 WOODYARD"
    2226   10  6A 08 14 00 00 00        05 00 0E 00 01 00        "322-M122.1"
    2254   10  CE 08 14 00 00 00        05 00 0E 00 01 00        "322-100A.0"
    2282   10  96 09 14 00 00 00        05 00 0E 00 01 00        "322-100A.0"
    2310   10  78 0A 14 00 00 00        05 00 0A 00 01 00        "322-100A.0"
    2338    2  10 04 28 00 00 00        05 00 0C 00 01 00        "B "
    2358    6  10 04 28 00 00 00        05 00 0C 00 01 00        "92165 "
    2382    6  38 04 14 00 00 00        05 00 0A 00 01 00        "920327"
    2406    2  10 04 28 00 00 00        05 00 10 00 01 00        "L "
    2426   14  EC 04 14 00 00 00        05 00 0D 00 01 00        "MILL EXPANSION"
    2458    8  38 04 14 00 00 00        05 00 0E 00 01 00        "C216560 "
    2484   10  1D 0B 1E 00 00 00        05 00 0E 00 01 00        "322TI-152A"
    2512   10  3C 0A 1E 00 00 00        05 00 0E 00 01 00        "322TI-152B"
    2540   10  4C 09 1E 00 00 00        01 00 0A 00 01 00        "322TI-152C"
    2740    9  5E 0A 2A 0E 6A 0A        0E 64 0A 00 00 01        "N90CNECT$"
    2774    8  96 09 02 0E A2 09        FC 0D 9C 09 00 00        "N90CNECT"
    2808    8  CE 08 DA 0D DA 08        D4 0D D4 08 00 00        "N90CNECT"
    2882    8  54 06 AD 08 7D 06        D0 07 68 06 00 00        "IREF    "
    2898   15  68 06 00 00 01 00        00 00 00 00 00 00        "AI7-9/322TT153B"
    2928   10  00 00 00 00 00 00        00 00 00 00 08 00        "BA09-08.18"
    2956    8  1C 07 AD 08 45 07        D0 07 30 07 00 00        "IREF    "
    2972   15  30 07 00 00 01 00        00 00 00 00 00 00        "AI6-9/322TT153A"
    3002   10  00 00 00 00 00 00        00 00 00 00 05 00        "BA09-07.18"
    3034    8  E0 06 14 00 00 00        09 00 19 00 01 00        "061-03-A"
    3056    9  7C 06 4E 08 B3 06        08 CC 06 00 00 01        "AI5FLD  4"
    3154    8  62 06 CA 09 6E 06        C4 09 68 06 00 00        "N90CNECT"
    3188    8  2A 07 CA 09 36 07        C4 09 30 07 00 00        "N90CNECT"
    3222    9  C8 05 AC 0A 1D 06        0A F0 05 00 00 01        "H/L     ("
    3258    9  90 06 AC 0A E5 06        0A B8 06 00 00 01        "H/L     ("
    3294    8  62 06 DE 0E 6E 06        D8 0E 68 06 00 00        "N90CNECT"
    3328    8  2A 07 DE 0E 36 07        D8 0E 30 07 00 00        "N90CNECT"
    3450    9  F0 05 C0 0F 40 06        0F 18 06 00 00 01        "TREND   <"
    3486    9  40 06 C0 0F 90 06        0F 68 06 00 00 01        "AO/L    <"
    3522    9  B8 06 C0 0F 08 07        0F E0 06 00 00 01        "TREND   <"
    3558    9  08 07 C0 0F 58 07        0F 30 07 00 00 01        "AO/L    <"
    3594    9  C7 05 08 11 F0 05        10 DC 05 00 00 01        "OREF    h"
    3610   40  DC 05 00 00 01 00        00 00 00 00 08 00        "                   D322TAH153BBA57-11.07"
    3668    9  8F 06 08 11 B8 06        10 A4 06 00 00 01        "OREF    h"
    3684   40  A4 06 00 00 01 00        00 00 00 00 05 00        "                   D322TAH153ABA57-10.07"
    3746   10  F0 05 14 00 00 00        05 00 0E 00 01 00        "322-100A.0"
    3774   10  B8 06 14 00 00 00        01 00 0A 00 01 00        "322-100A.0"
    3902    8  9E 06 8A 0D AA 06        84 0D A4 06 00 00        "N90CNECT"
    3936    8  D6 05 B2 0D E2 05        AC 0D DC 05 00 00        "N90CNECT"
    3974   10  8A 07 1E 00 00 00        05 00 0E 00 01 00        "322TI-153A"
    4002   10  81 06 1E 00 00 00        01 00 0A 00 01 00        "322TI-153B"
    4082    8  3B 06 77 08 E6 06        D0 07 CC 06 00 00        "TAI057  "
    4132    8  03 07 77 08 AE 07        D0 07 94 07 00 00        "TAI056  "
    4186    8  A8 07 14 00 00 00        09 00 19 00 01 00        "061-03-A"
    4208    9  44 07 4E 08 7B 07        08 94 07 00 00 01        "AI5FLD  4"
    4262    4  54 06 14 00 00 00        05 00 0B 00 01 00        "1611"
    4284    4  1C 07 14 00 00 00        01 00 08 00 02 00        "1600"
    4322   28  3E 08 1E 00 00 00        05 00 16 00 01 00        "DEBARKER #2 DRIVE MOTOR TEMP"
    4368   26  82 05 1E 00 00 00        05 00 10 00 01 00        "DEBARKER #2 DRIVE BRG TEMP"
    4412   14  10 04 28 00 00 00        05 00 0E 00 01 00        "322-152,153.0 "
    4444   10  5C 08 14 00 00 00        05 00 0F 00 01 00        "322-156.0 "
    4472   12  C3 0A 14 00 00 00        05 00 0F 00 01 00        "3-07-05-09.0"
    4502   12  FB 09 14 00 00 00        05 00 0F 00 01 00        "3-07-05-09.0"
    4532   12  33 09 14 00 00 00        05 00 0F 00 01 00        "3-07-05-09.0"
    4562   12  03 07 14 00 00 00        05 00 0F 00 01 00        "3-07-05-09.0"
    4592   12  3B 06 14 00 00 00        05 00 0D 00 01 00        "3-07-05-09.0"
    4622    8  38 04 14 00 00 00        05 00 0B 00 01 00        "30705C6 "
    4648    4  DC 0A 14 00 00 00        05 00 0B 00 01 00        "1612"
    4670    4  14 0A 14 00 00 00        05 00 0B 00 01 00        "1613"
    4692    4  4C 09 14 00 00 00        05 00 0D 00 01 00        "1614"
    4714    8  48 08 14 00 00 00        05 00 0A 00 01 00        "BLK-1571"
    4740    2  10 04 28 00 00 00        05 00 0A 00 01 00        "A "
    4760    2  74 04 14 00 00 00        05 00 0E 00 01 00        "RP"
    4780   10  38 04 14 00 00 00        05 00 0A 00 01 00        "MARC/2005 "
    4808    2  4C 04 14 00 00 00        05 00 0E 00 01 00        "A "
    4828   10  4C 04 14 00 00 00        05 00 0A 00 01 00        "MARC/2005 "
    4856    2  4C 04 14 00 00 00        05 00 0A 00 01 00        "RP"
    4876    6  4C 04 14 00 00 00        C5 53 50 43 C5 4C        "RPBCCo"
    4883    3  50 42 43 43 6F C5        C5 4C 49 53 54 00        "SPC"
    4887    4  6F C5 53 50 43 C5        00 08 00 9B 0B 0C        "LIST"
    5001    2  42 00 00 96 42 00        CA 00 00 80 3E 06        "$t"
    5043    2  42 00 00 96 42 00        CA 00 00 80 3E 06        "$t"
    5085    2  42 00 00 96 42 00        CA 00 00 80 3E 08        "$t"
    5159    2  42 00 00 A0 42 00        CA 00 00 80 3E 06        "$t"
    5201    2  42 00 00 A0 42 00        CA 00 00 80 3E 42        "$t"
    5207    5  24 74 CA 00 00 80        C5 41 54 52 C5 4C        ">BCCo"
    5213    3  3E 42 43 43 6F C5        C5 4C 49 53 54 00        "ATR"
    5217    4  6F C5 41 54 52 C5        00 45 4E 44 C5 43        "LIST"
    5222    3  C5 4C 49 53 54 00        C5 43 41 44 C5 46        "END"
    5226    3  54 00 45 4E 44 C5        C5 46 49 4C 45 00        "CAD"
    5230    4  44 C5 43 41 44 C5        00 42                    "FILE"

--- TOP 24 BYTE VALUES ---
  0x00      count=1743
  0x20 ' '  count=281
  0x01      count=280
  0x08      count=152
  0x0A      count=121
  0x09      count=117
  0x30 '0'  count=114
  0x06      count=85
  0x07      count=80
  0x32 '2'  count=78
  0x05      count=76
  0x0E      count=70
  0x0F      count=69
  0x31 '1'  count=65
  0x41 'A'  count=65
  0x54 'T'  count=59
  0x2D '-'  count=58
  0x42 'B'  count=50
  0x45 'E'  count=50
  0x33 '3'  count=49
  0x10      count=48
  0x43 'C'  count=48
  0x14      count=46
  0x0B      count=45

--- REPEATED 2-BYTE PATTERNS (top 15) ---
  00 00          x1010  @ 1,2,3,4,5,6,7,8,12,13,14,15
  01 00          x 267  @ 25,260,285,310,335,360,384,434,458,508,533,558
  00 01          x 231  @ 24,259,283,309,333,359,383,433,457,507,531,557
  20 20          x 204  @ 276,324,325,326,374,375,376,448,449,450,572,573
  05 00          x  54  @ 331,802,828,854,2110,2130,2176,2208,2236,2264,2292,2320
  08 00          x  52  @ 356,381,430,554,678,1032,1048,1064,1205,1313,1326,1484
  00 08          x  40  @ 355,429,553,677,1031,1047,1063,1325,1483,1499,1515,1551
  0A 00          x  37  @ 579,653,703,955,1137,1171,1277,1399,1410,1453,1464,1532
  14 00          x  33  @ 816,842,868,2222,2250,2278,2306,2378,2422,2454,3030,3742
  06 00          x  33  @ 1180,1216,1252,1288,1598,1634,1670,1706,1742,1778,2893,3067
  00 0A          x  31  @ 1409,1463,1531,1682,1714,2111,2321,2389,2551,2558,2571,2578
  32 32          x  28  @ 395,424,468,591,715,1863,1871,1939,2013,2087,2227,2232
  C4 09          x  28  @ 528,810,904,1054,1074,1100,1134,1168,1490,1510,1558,1578
  0B 00          x  28  @ 777,1005,1078,1112,1146,1211,1247,1283,1319,1340,1374,1428
  2D 30          x  27  @ 420,742,823,849,875,1878,2026,2100,2932,3006,3037,4189

--- REPEATED 3-BYTE PATTERNS (top 15) ---
  00 00 00       x 780  @ 1,2,3,4,5,6,7,12,13,14,15,16
  00 01 00       x 219  @ 24,259,309,359,383,433,457,507,557,581,631,681
  20 20 20       x 159  @ 324,325,374,375,448,449,572,573,696,697,1197,1198
  00 00 01       x  68  @ 23,282,332,382,456,530,580,654,704,778,906,956
  01 00 00       x  58  @ 25,285,335,533,657,781,909,959,1009,1034,1050,1066
  00 08 00       x  40  @ 355,429,553,677,1031,1047,1063,1325,1483,1499,1515,1551
  14 00 00       x  33  @ 816,842,868,2222,2250,2278,2306,2378,2422,2454,3030,3742
  01 00 08       x  28  @ 1030,1046,1062,1324,1482,1498,1514,1550,1566,1582,2610,2626
  08 00 01       x  27  @ 1032,1048,1064,1326,1484,1500,1516,1552,1568,1584,2612,2628
  33 32 32       x  25  @ 394,467,590,714,1862,1938,2012,2086,2226,2254,2282,2310
  00 0A 00       x  23  @ 1409,1463,1531,2111,2321,2389,2551,2571,2591,2707,2829,2849
  0A 00 01       x  23  @ 1410,1464,1532,2112,2322,2390,2552,2572,2592,2708,2830,2850
  00 00 33       x  19  @ 2224,2252,2280,2308,2482,2510,2538,3744,3772,3972,4000,4410
  01 00 01       x  17  @ 1328,2614,2630,2646,2662,2678,2694,2710,2832,2852,3828,3844
  00 00 06       x  16  @ 136,1178,1214,1250,1286,1632,1668,1704,1740,1776,3206,3242

--- REPEATED 4-BYTE PATTERNS (top 15) ---
  00 00 00 00    x 615  @ 1,2,3,4,5,6,12,13,14,15,16,17
  20 20 20 20    x 124  @ 324,374,448,572,696,1197,1198,1233,1234,1269,1270,1305
  01 00 00 00    x  58  @ 25,285,335,533,657,781,909,959,1009,1034,1050,1066
  00 00 01 00    x  56  @ 23,382,456,580,704,1028,1104,1138,1172,1206,1242,1278
  00 01 00 00    x  46  @ 24,1033,1049,1065,1105,1139,1173,1367,1401,1411,1455,1465
  14 00 00 00    x  33  @ 816,842,868,2222,2250,2278,2306,2378,2422,2454,3030,3742
  01 00 08 00    x  28  @ 1030,1046,1062,1324,1482,1498,1514,1550,1566,1582,2610,2626
  00 08 00 01    x  27  @ 1031,1047,1063,1325,1483,1499,1515,1551,1567,1583,2611,2627
  08 00 01 00    x  27  @ 1032,1048,1064,1326,1484,1500,1516,1552,1568,1584,2612,2628
  00 0A 00 01    x  23  @ 1409,1463,1531,2111,2321,2389,2551,2571,2591,2707,2829,2849
  0A 00 01 00    x  23  @ 1410,1464,1532,2112,2322,2390,2552,2572,2592,2708,2830,2850
  00 00 00 33    x  19  @ 2223,2251,2279,2307,2481,2509,2537,3743,3771,3971,3999,4409
  00 01 00 01    x  17  @ 1327,2613,2629,2645,2661,2677,2693,2709,2831,2851,3827,3843
  01 00 01 00    x  17  @ 1328,2614,2630,2646,2662,2678,2694,2710,2832,2852,3828,3844
  00 00 00 06    x  16  @ 135,1177,1213,1249,1285,1631,1667,1703,1739,1775,3205,3241